    -0.3510    1.4185  762.0446  761.2624  760.0867  758.5683  756.7547  754.6588  752.3589  749.8784  747.2804  744.1471  740.7796  737.3724  733.9493  730.5400  727.1649  723.8651  720.6591  717.5775  714.6372  711.8411  709.2163  706.7833  704.4392  701.9197  699.5927  697.5737  695.8935  694.5475  693.5859  693.0228
    -0.1170    1.4185  761.9565  760.9786  759.4967  757.5650  755.2618  752.6505  749.8069  746.7349  742.8565  738.8252  734.7244  730.5818  726.4720  722.4115  718.4261  714.5684  710.8389  707.2977  703.7099  699.6512  695.8290  692.2766  689.0286  686.1230  683.5970  681.4466  679.7103  678.3713  677.4954  677.1162
     0.1170    1.4185  761.9565  760.9784  759.4961  757.5642  755.2609  752.6499  749.8069  746.7361  742.8586  738.8284  734.7283  730.5863  726.4765  722.4158  718.4297  714.5712  710.8406  707.2981  703.7088  699.6490  695.8265  692.2751  689.0297  686.1285  683.6082  681.4643  679.7346  678.4019  677.5310  677.1550
     0.3510    1.4185  762.0446  761.2624  760.0869  758.5687  756.7550  754.6587  752.3583  749.8773  747.2787  744.1442  740.7760  737.3683  733.9450  730.5354  727.1604  723.8607  720.6551  717.5739  714.6340  711.8382  709.2132  706.7795  704.4332  701.9109  699.5814  697.5595  695.8766  694.5280  693.5646  693.0008
    -0.7020    1.2159  761.9951  761.0741  759.7011  757.9110  755.7795  753.3511  750.6219  747.7125  744.2471  740.3797  736.4332  732.4243  728.4495  724.5389  720.6538  716.8157  713.1062  709.5130  706.1229  702.4466  698.5459  694.9220  691.6160  688.6843  686.1205  683.9153  682.1082  680.7061  679.7405  679.2431
    -0.4680    1.2159  761.9704  761.0165  759.5901  757.7336  755.5072  752.9556  750.1457  747.1411  743.4039  739.3919  735.2898  731.1495  727.0235  722.9186  718.8653  714.8802  711.0418  707.3683  703.6090  699.3570  695.3309  691.6048  688.1955  685.1411  682.4509  680.1391  678.2496  676.7986  675.8053  675.3009
    -0.2340    1.2159  761.9198  760.8387  759.2179  757.1362  754.6459  751.8151  748.7170  745.1108  740.8363  736.4259  731.9416  727.4383  722.9626  718.5217  714.1850  709.9433  705.9024  701.2675  696.5046  692.0490  687.9044  684.0683  680.6126  677.5243  674.8656  672.6177  670.8501  669.5348  668.7357  668.4869
     0.0000    1.2159  761.9313  760.8752  759.3012  757.2451  754.7751  751.9786  748.9050  745.4048  741.2009  736.8658  732.4457  727.9994  723.5824  719.2006  714.9154  710.7416  706.7418  702.4420  697.7882  693.3754  689.3100  685.5352  682.1159  679.0408  676.4226  674.2047  672.4595  671.1636  670.3781  670.1588
     0.2340    1.2159  761.9198  760.8387  759.2183  757.1368  754.6468  751.8161  748.7181  745.1122  740.8379  736.4277  731.9434  727.4403  722.9646  718.5240  714.1876  709.9465  705.9064  701.2746  696.5131  692.0584  687.9141  684.0771  680.6191  677.5277  674.8652  672.6139  670.8433  669.5260  668.7257  668.4783
     0.4680    1.2159  761.9704  761.0163  759.5895  757.7330  755.5069  752.9561  750.1473  747.1441  743.4094  739.3994  735.2993  731.1611  727.0365  722.9326  718.8798  714.8942  711.0545  707.3791  703.6200  699.3675  695.3413  691.6197  688.2177  685.1728  682.4928  680.1908  678.3096  676.8653  675.8761  675.3730
     0.7020    1.2159  761.9952  761.0743  759.7015  757.9116  755.7799  753.3512  750.6214  747.7111  744.2444  740.3757  736.4284  732.4188  728.4436  724.5326  720.6475  716.8097  713.1005  709.5079  706.1183  702.4411  698.5405  694.9161  691.6084  688.6735  686.1054  683.8950  682.0825  680.6755  679.7062  679.2069
    -1.0530    1.0132  762.0446  761.2624  760.0867  758.5683  756.7547  754.6587  752.3587  749.8782  747.2801  744.1466  740.7786  737.3710  733.9478  730.5380  727.1627  723.8625  720.6562  717.5745  714.6338  711.8374  709.2121  706.7783  704.4323  701.9114  699.5839  697.5646  695.8844  694.5387  693.5776  693.0151
    -0.8190    1.0132  761.9704  761.0165  759.5901  757.7337  755.5074  752.9557  750.1459  747.1411  743.4037  739.3917  735.2895  731.1492  727.0230  722.9178  718.8644  714.8786  711.0391  707.3645  703.6039  699.3501  695.3224  691.5973  688.1898  685.1375  682.4491  680.1390  678.2505  676.8000  675.8067  675.3018
    -0.5850    1.0132  761.8890  760.7397  759.0001  756.7472  754.0696  750.9906  747.6355  743.4508  738.8620  734.0570  729.2045  724.3030  719.4311  714.6161  709.8712  705.3029  699.6954  694.1452  688.8955  683.9969  679.4894  675.3558  671.6707  668.3910  665.5584  663.2135  661.3506  659.9873  659.1711  658.9711
    -0.3510    1.0132  761.8502  760.6159  758.7585  756.3635  753.4913  750.2206  746.6295  741.9637  737.0391  731.9270  726.7436  721.5050  716.2854  711.1360  706.1130  700.1583  694.0022  688.1649  682.6711  677.5560  672.8626  668.5999  664.7833  661.4309  658.5873  656.2393  654.4197  653.1408  652.4525  652.4445
    -0.1170    1.0132  762.0674  761.3321  760.2285  758.7856  757.0353  755.0216  752.7936  750.3757  747.7947  744.7627  741.3261  737.8032  734.2271  730.6133  727.0061  723.4358  719.9297  716.5387  713.2816  710.1812  707.2640  704.4199  701.2457  698.2126  695.4898  693.0923  691.0444  689.3678  688.0838  687.2044
     0.1170    1.0132  762.0676  761.3323  760.2293  758.7869  757.0370  755.0235  752.7953  750.3775  747.7968  744.7661  741.3312  737.8105  734.2374  730.6272  727.0242  723.4588  719.9576  716.5722  713.3194  710.2221  707.3067  704.4711  701.2984  698.2600  695.5302  693.1234  691.0656  689.3790  688.0869  687.2023
     0.3510    1.0132  761.8502  760.6157  758.7582  756.3629  753.4903  750.2192  746.6276  741.9609  737.0356  731.9224  726.7378  721.4978  716.2767  711.1254  706.1009  700.1406  693.9822  688.1425  682.6459  677.5283  672.8327  668.5683  664.7509  661.3985  658.5556  656.2096  654.3927  653.1180  652.4330  652.4270
     0.5850    1.0132  761.8890  760.7397  759.0001  756.7473  754.0698  750.9912  747.6366  743.4528  738.8646  734.0606  729.2091  724.3088  719.4383  714.6250  709.8818  705.3155  699.7138  694.1648  688.9161  684.0183  679.5116  675.3773  671.6904  668.4086  665.5747  663.2292  661.3669  660.0053  659.1909  658.9923
     0.8190    1.0132  761.9704  761.0163  759.5895  757.7331  755.5070  752.9562  750.1476  747.1446  743.4100  739.4002  735.3004  731.1623  727.0380  722.9344  718.8819  714.8966  711.0578  707.3830  703.6254  699.3739  695.3485  691.6273  688.2253  685.1797  682.4985  680.1934  678.3104  676.8654  675.8762  675.3738
     1.0530    1.0132  762.0445  761.2622  760.0864  758.5680  756.7544  754.6586  752.3588  749.8784  747.2805  744.1473  740.7798  737.3725  733.9495  730.5398  727.1644  723.8639  720.6572  717.5748  714.6336  711.8369  709.2118  706.7789  704.4345  701.9163  699.5912  697.5737  695.8949  694.5499  693.5890  693.0268
    -1.1700    0.8106  761.9565  760.9786  759.4967  757.5651  755.2619  752.6505  749.8069  746.7348  742.8561  738.8249  734.7240  730.5812  726.4712  722.4105  718.4248  714.5668  710.8369  707.2953  703.7064  699.6467  695.8241  692.2714  689.0233  686.1177  683.5914  681.4407  679.7040  678.3644  677.4879  677.1079
    -0.9360    0.8106  761.9198  760.8384  759.2173  757.1351  754.6441  751.8124  748.7134  745.1050  740.8287  736.4159  731.9283  727.4214  722.9414  718.4957  714.1535  709.9055  705.8585  701.2031  696.4335  691.9711  687.8206  683.9798  680.5209  677.4317  674.7743  672.5305  670.7689  669.4606  668.6685  668.4263
    -0.7020    0.8106  761.8502  760.6161  758.7587  756.3635  753.4910  750.2198  746.6278  741.9607  737.0350  731.9217  726.7369  721.4973  716.2769  711.1268  706.1037  700.1461  693.9896  688.1511  682.6551  677.5373  672.8412  668.5755  664.7556  661.3996  658.5522  656.2009  654.3787  653.0993  652.4114  652.4053
    -0.4680    0.8106  762.0460  761.2568  760.0584  758.4938  756.6164  754.4301  751.9940  749.3556  746.5319  742.9754  739.2119  735.3381  731.3741  727.3982  723.4221  719.4940  715.6462  711.9179  708.3408  704.8836  700.8675  696.9976  693.3866  690.1062  687.1449  684.5091  682.2636  680.4352  679.0456  678.0739
    -0.2340    0.8106  761.8870  760.7255  758.9906  756.7391  754.0473  750.9680  747.5770  743.3567  738.6383  733.6886  728.6219  723.4621  718.2527  713.0598  707.9513  702.4787  696.1911  690.2513  684.6823  679.5332  674.8175  670.5379  666.7271  663.3816  660.5292  658.1795  656.3615  655.0848  654.3811  654.3611
     0.0000    0.8106  761.9610  760.9650  759.4638  757.5205  755.1740  752.4927  749.5209  746.2595  742.1359  737.8013  733.3172  728.7441  724.0537  719.3622  714.7129  710.1630  705.7926  700.6912  695.5976  690.8079  686.4371  682.4422  678.8528  675.6735  672.9471  670.6480  668.8416  667.5360  666.7349  666.5429
     0.2340    0.8106  761.8870  760.7255  758.9907  756.7392  754.0474  750.9683  747.5775  743.3574  738.6395  733.6901  728.6239  723.4642  718.2553  713.0632  707.9555  702.4853  696.1987  690.2602  684.6924  679.5439  674.8278  670.5471  666.7349  663.3875  660.5333  658.1814  656.3624  655.0853  654.3818  654.3618
     0.4680    0.8106  762.0460  761.2569  760.0585  758.4940  756.6165  754.4301  751.9936  749.3550  746.5308  742.9736  739.2095  735.3355  731.3711  727.3955  723.4194  719.4920  715.6443  711.9161  708.3394  704.8822  700.8652  696.9946  693.3822  690.0999  687.1359  684.4974  682.2491  680.4184  679.0272  678.0548
     0.7020    0.8106  761.8504  760.6162  758.7590  756.3642  753.4917  750.2204  746.6282  741.9609  737.0349  731.9217  726.7374  721.4987  716.2796  711.1319  706.1113  700.1605  694.0081  688.1730  682.6795  677.5622  672.8657  668.5986  664.7755  661.4152  658.5627  656.2059  654.3779  653.0926  652.3987  652.3870
     0.9360    0.8106  761.9198  760.8385  759.2177  757.1356  754.6448  751.8134  748.7148  745.1071  740.8316  736.4196  731.9335  727.4282  722.9501  718.5072  714.1686  709.9259  705.8844  701.2437  696.4793  692.0204  687.8722  684.0320  680.5720  677.4798  674.8179  672.5694  670.8031  669.4909  668.6952  668.4511
     1.1700    0.8106  761.9565  760.9784  759.4961  757.5642  755.2609  752.6497  749.8066  746.7353  742.8574  738.8267  734.7261  730.5834  726.4730  722.4115  718.4248  714.5658  710.8349  707.2925  703.7022  699.6432  695.8212  692.2695  689.0230  686.1198  683.5969  681.4503  679.7179  678.3831  677.5109  677.1346
    -1.2870    0.6079  761.9565  760.9784  759.4962  757.5642  755.2608  752.6495  749.8062  746.7348  742.8568  738.8260  734.7253  730.5828  726.4728  722.4121  718.4259  714.5675  710.8367  707.2939  703.7034  699.6405  695.8156  692.2612  689.0130  686.1095  683.5870  681.4419  679.7115  678.3786  677.5083  677.1332
    -1.0530    0.6079  761.9313  760.8754  759.3015  757.2456  754.7758  751.9794  748.9058  745.4060  741.2023  736.8673  732.4475  728.0017  723.5856  719.2046  714.9207  710.7484  706.7500  702.4546  697.8024  693.3916  689.3269  685.5517  682.1320  679.0560  676.4365  674.2171  672.4699  671.1721  670.3847  670.1639
    -0.8190    0.6079  762.0676  761.3326  760.2297  758.7874  757.0376  755.0240  752.7957  750.3775  747.7966  744.7655  741.3304  737.8102  734.2385  730.6302  727.0287  723.4639  719.9622  716.5730  713.3174  710.2181  707.3021  704.4663  701.2948  698.2580  695.5288  693.1207  691.0603  689.3703  688.0747  687.1865
    -0.5850    0.6079  761.8870  760.7255  758.9906  756.7392  754.0473  750.9683  747.5776  743.3577  738.6397  733.6902  728.6239  723.4640  718.2548  713.0619  707.9537  702.4822  696.1950  690.2552  684.6860  679.5368  674.8210  670.5410  666.7298  663.3833  660.5300  658.1789  656.3596  655.0798  654.3755  654.3538
    -0.3510    0.6079  761.9542  760.9417  759.4227  757.4564  755.0632  752.3341  749.3184  745.9299  741.6743  737.1626  732.4592  727.5966  722.6706  717.7098  712.7872  707.9812  702.9434  697.2096  691.8453  686.8674  682.2746  678.1362  674.4450  671.1916  668.3696  666.0185  664.1711  662.8383  662.0645  661.8852
    -0.1170    0.6079  762.1151  761.4793  760.5179  759.2563  757.7211  755.9331  753.9285  751.7188  749.3363  746.8039  743.5837  740.1171  736.5220  732.8357  729.1213  725.4124  721.7831  718.2964  714.9771  711.8462  708.9278  706.2345  703.4914  700.6002  697.9573  695.6331  693.6573  692.0473  690.8215  689.9810
     0.1170    0.6079  762.1151  761.4791  760.5173  759.2553  757.7193  755.9302  753.9241  751.7126  749.3282  746.7936  743.5678  740.0978  736.4990  732.8085  729.0897  725.3759  721.7415  718.2493  714.9246  711.7886  708.8657  706.1691  703.4093  700.5095  697.8664  695.5440  693.5714  691.9663  690.7459  689.9114
     0.3510    0.6079  761.9542  760.9416  759.4223  757.4556  755.0618  752.3317  749.3146  745.9236  741.6654  737.1513  732.4452  727.5798  722.6509  717.6868  712.7608  707.9512  702.8984  697.1605  691.7925  686.8110  682.2152  678.0736  674.3793  671.1235  668.2998  665.9482  664.1013  662.7712  662.0000  661.8229
     0.5850    0.6079  761.8870  760.7253  758.9901  756.7382  754.0460  750.9665  747.5754  743.3546  738.6360  733.6855  728.6177  723.4561  718.2448  713.0496  707.9390  702.4596  696.1700  690.2292  684.6583  679.5073  674.7897  670.5079  666.6960  663.3503  660.4990  658.1518  656.3377  655.0654  654.3662  654.3498
     0.8190    0.6079  762.0676  761.3325  760.2293  758.7867  757.0365  755.0222  752.7932  750.3740  747.7917  744.7577  741.3210  737.7987  734.2239  730.6119  727.0072  723.4398  719.9367  716.5474  713.2917  710.1917  707.2748  704.4337  701.2619  698.2268  695.4983  693.0905  691.0302  689.3400  688.0446  687.1574
     1.0530    0.6079  761.9314  760.8755  759.3020  757.2468  754.7776  751.9821  748.9094  745.4116  741.2095  736.8768  732.4598  728.0173  723.6047  719.2277  714.9476  710.7791  706.7842  702.5036  697.8547  693.4464  689.3845  685.6119  682.1934  679.1172  676.4959  674.2730  672.5212  671.2179  670.4250  670.1992
     1.2870    0.6079  761.9565  760.9785  759.4965  757.5646  755.2613  752.6498  749.8062  746.7340  742.8551  738.8236  734.7223  730.5792  726.4685  722.4071  718.4206  714.5618  710.8310  707.2887  703.6974  699.6362  695.8129  692.2601  689.0120  686.1067  683.5811  681.4314  679.6959  678.3578  677.4827  677.1041
    -1.4040    0.4053  762.0446  761.2626  760.0871  758.5688  756.7548  754.6582  752.3572  749.8753  747.2758  744.1395  740.7699  737.3608  733.9362  730.5253  727.1490  723.8481  720.6415  717.5594  714.6186  711.8219  709.1959  706.7610  704.4091  701.8821  699.5499  697.5251  695.8394  694.4881  693.5226  692.9577
    -1.1700    0.4053  761.9198  760.8385  759.2176  757.1357  754.6452  751.8142  748.7159  745.1092  740.8344  736.4230  731.9368  727.4313  722.9530  718.5094  714.1701  709.9249  705.8809  701.2364  696.4715  692.0150  687.8685  684.0302  680.5726  677.4836  674.8256  672.5809  670.8176  669.5085  668.7150  668.4718
    -0.9360    0.4053  762.0676  761.3325  760.2296  758.7875  757.0382  755.0256  752.7988  750.3826  747.8037  744.7773  741.3453  737.8279  734.2578  730.6508  727.0509  723.4890  719.9918  716.6089  713.3595  710.2654  707.3525  704.5299  701.3649  698.3282  695.5996  693.1929  691.1346  689.4462  688.1519  687.2646
    -0.7020    0.4053  761.9610  760.9650  759.4638  757.5207  755.1744  752.4937  749.5225  746.2625  742.1405  737.8075  733.3252  728.7538  724.0650  719.3752  714.7278  710.1800  705.8115  700.7183  695.6261  690.8375  686.4676  682.4715  678.8838  675.7048  672.9790  670.6798  668.8736  667.5676  666.7668  666.5765
    -0.4680    0.4053  762.1149  761.4791  760.5173  759.2554  757.7195  755.9304  753.9246  751.7133  749.3289  746.7943  743.5682  740.0975  736.4978  732.8064  729.0865  725.3718  721.7367  718.2441  714.9188  711.7823  708.8588  706.1616  703.3993  700.4980  697.8545  695.5327  693.5615  691.9589  690.7410  689.9096
    -0.2340    0.4053  762.0060  761.1518  759.8632  758.1890  756.1673  753.8154  751.1654  748.2542  744.7884  740.6926  736.3542  731.7469  726.9660  722.1259  717.2565  712.4662  707.8466  703.1964  697.9918  693.2554  688.9662  685.1297  681.7613  678.8067  676.2863  674.2142  672.6172  671.4626  670.8075  670.7060
     0.0000    0.4053  762.0493  761.2692  760.1060  758.5935  756.7428  754.5959  752.1833  749.5220  746.6242  742.8656  738.8126  734.5088  730.0216  725.4036  720.7763  716.2001  711.8030  707.6923  703.6263  699.1542  695.0993  691.4656  688.2502  685.4833  683.1197  681.1550  679.6166  678.5065  677.8562  677.7208
     0.2340    0.4053  762.0060  761.1517  759.8632  758.1892  756.1675  753.8157  751.1658  748.2549  744.7892  740.6941  736.3563  731.7502  726.9706  722.1320  717.2641  712.4752  707.8560  703.2081  698.0049  693.2687  688.9780  685.1398  681.7709  678.8164  676.2963  674.2248  672.6284  671.4715  670.8154  670.7137
     0.4680    0.4053  762.1149  761.4788  760.5169  759.2546  757.7185  755.9292  753.9231  751.7117  749.3271  746.7922  743.5655  740.0949  736.4950  732.8035  729.0833  725.3682  721.7324  718.2393  714.9139  711.7767  708.8521  706.1543  703.3905  700.4888  697.8458  695.5247  693.5539  691.9517  690.7340  689.9021
     0.7020    0.4053  761.9610  760.9648  759.4636  757.5203  755.1740  752.4933  749.5222  746.2623  742.1405  737.8078  733.3255  728.7540  724.0650  719.3746  714.7267  710.1782  705.8094  700.7150  695.6227  690.8342  686.4646  682.4692  678.8826  675.7055  672.9813  670.6849  668.8812  667.5782  666.7789  666.5887
     0.9360    0.4053  762.0675  761.3323  760.2294  758.7871  757.0376  755.0247  752.7973  750.3807  747.8012  744.7732  741.3397  737.8209  734.2495  730.6414  727.0404  723.4782  719.9809  716.5984  713.3486  710.2537  707.3385  704.5099  701.3402  698.3016  695.5718  693.1650  691.1073  689.4202  688.1276  687.2427
     1.1700    0.4053  761.9197  760.8382  759.2172  757.1352  754.6445  751.8136  748.7157  745.1098  740.8355  736.4248  731.9395  727.4346  722.9565  718.5130  714.1731  709.9286  705.8845  701.2414  696.4763  692.0194  687.8711  684.0332  680.5769  677.4905  674.8358  672.5945  670.8351  669.5291  668.7384  668.4970
     1.4040    0.4053  762.0446  761.2624  760.0867  758.5683  756.7545  754.6581  752.3575  749.8762  747.2774  744.1423  740.7736  737.3654  733.9417  730.5316  727.1561  723.8558  720.6496  717.5677  714.6270  711.8302  709.2043  706.7698  704.4205  701.8968  699.5674  697.5454  695.8622  694.5129  693.5490  692.9847
    -1.2870    0.2026  761.9704  761.0165  759.5899  757.7333  755.5068  752.9548  750.1446  747.1395  743.4011  739.3881  735.2851  731.1437  727.0162  722.9093  718.8536  714.8648  711.0223  707.3449  703.5764  699.3180  695.2898  691.5651  688.1586  685.1071  682.4194  680.1092  678.2208  676.7703  675.7777  675.2738
    -1.0530    0.2026  761.8502  760.6159  758.7584  756.3632  753.4907  750.2197  746.6283  741.9619  737.0368  731.9240  726.7396  721.5000  716.2792  711.1283  706.1039  700.1448  693.9868  688.1473  682.6511  677.5341  672.8396  668.5762  664.7596  661.4077  658.5653  656.2192  654.4018  653.1260  652.4397  652.4321
    -0.8190    0.2026  761.8871  760.7256  758.9909  756.7396  754.0481  750.9694  747.5792  743.3604  738.6432  733.6947  728.6294  723.4709  718.2632  713.0722  707.9657  702.5008  696.2159  690.2794  684.7134  679.5665  674.8524  670.5737  666.7640  663.4191  660.5672  658.2182  656.4010  655.1245  654.4203  654.4004
    -0.5850    0.2026  762.1151  761.4794  760.5183  759.2573  757.7229  755.9359  753.9328  751.7249  749.3447  746.8149  743.5998  740.1360  736.5437  732.8604  729.1492  725.4438  721.8189  718.3366  715.0214  711.8949  708.9804  706.2899  703.5609  700.6773  698.0349  695.7095  693.7317  692.1186  690.8895  690.0458
    -0.3510    0.2026  762.0493  761.2690  760.1058  758.5931  756.7422  754.5954  752.1830  749.5218  746.6243  742.8659  738.8128  734.5086  730.0205  725.4014  720.7727  716.1958  711.7980  707.6873  703.6212  699.1500  695.0965  691.4639  688.2498  685.4844  683.1224  681.1596  679.6237  678.5164  677.8687  677.7354
    -0.1170    0.2026  762.1809  761.7140  761.0064  760.0699  758.9248  757.5846  756.0660  754.3499  752.4603  750.3841  748.1141  745.4738  742.2889  738.9391  735.5224  732.0987  728.7749  725.6060  722.6345  719.8829  717.3615  715.0731  712.9910  711.1284  709.4636  708.0194  706.7925  705.7941  705.0237  704.4124
     0.1170    0.2026  762.1808  761.7138  761.0061  760.0694  758.9240  757.5836  756.0646  754.3480  752.4577  750.3806  748.1092  745.4663  742.2798  738.9280  735.5092  732.0832  728.7568  725.5851  722.6104  719.8556  717.3314  715.0409  712.9570  711.0939  709.4291  707.9863  706.7615  705.7655  704.9921  704.3832
     0.3510    0.2026  762.0493  761.2691  760.1059  758.5934  756.7427  754.5960  752.1838  749.5230  746.6261  742.8684  738.8161  734.5129  730.0263  725.4087  720.7818  716.2064  711.8104  707.7010  703.6389  699.1700  695.1166  691.4838  688.2693  685.5033  683.1407  681.1771  679.6399  678.5314  677.8823  677.7482
     0.5850    0.2026  762.1151  761.4794  760.5183  759.2571  757.7224  755.9346  753.9307  751.7215  749.3399  746.8087  743.5915  740.1270  736.5342  732.8498  729.1375  725.4305  721.8034  718.3184  715.0008  711.8714  708.9546  706.2622  703.5249  700.6333  697.9861  695.6570  693.6763  692.0617  690.8326  689.9903
     0.8190    0.2026  761.8869  760.7251  758.9897  756.7375  754.0451  750.9654  747.5741  743.3526  738.6332  733.6818  728.6127  723.4495  718.2362  713.0393  707.9269  702.4418  696.1502  690.2064  684.6324  679.4782  674.7578  670.4754  666.6643  663.3231  660.4774  658.1354  656.3251  655.0568  654.3616  654.3482
     1.0530    0.2026  761.8502  760.6157  758.7584  756.3634  753.4912  750.2207  746.6299  741.9643  737.0401  731.9284  726.7452  721.5068  716.2872  711.1369  706.1130  700.1568  694.0008  688.1638  682.6702  677.5551  672.8619  668.5990  664.7819  661.4293  658.5855  656.2379  654.4188  653.1413  652.4535  652.4446
     1.2870    0.2026  761.9703  761.0163  759.5895  757.7328  755.5065  752.9552  750.1457  747.1416  743.4053  739.3940  735.2925  731.1528  727.0269  722.9217  718.8674  714.8801  711.0389  707.3627  703.5996  699.3449  695.3176  691.5945  688.1906  685.1429  682.4596  680.1545  678.2705  676.8246  675.8349  675.3323
    -1.4040    0.0000  761.9951  761.0741  759.7011  757.9110  755.7793  753.3508  750.6212  747.7113  744.2451  740.3769  736.4299  732.4203  728.4449  724.5335  720.6477  716.8089  713.0984  709.5043  706.1134  702.4331  698.5319  694.9076  691.6008  688.6679  686.1025  683.8956  682.0868  680.6834  679.7168  679.2189
    -1.1700    0.0000  761.8890  760.7397  759.0003  756.7475  754.0701  750.9914  747.6367  743.4529  738.8647  734.0607  729.2093  724.3090  719.4386  714.6250  709.8812  705.3138  699.7103  694.1611  688.9128  684.0156  679.5090  675.3762  671.6915  668.4117  665.5784  663.2324  661.3680  660.0029  659.1849  658.9834
    -0.9360    0.0000  762.0460  761.2570  760.0587  758.4943  756.6172  754.4311  751.9950  749.3568  746.5339  742.9781  739.2156  735.3432  731.3806  727.4066  723.4322  719.5063  715.6604  711.9336  708.3579  704.9054  700.8910  697.0208  693.4088  690.1263  687.1619  684.5225  682.2731  680.4410  679.0484  678.0749
    -0.7020    0.0000  761.9542  760.9416  759.4223  757.4557  755.0625  752.3334  749.3177  745.9291  741.6735  737.1616  732.4578  727.5944  722.6673  717.7050  712.7808  707.9727  702.9287  697.1923  691.8257  686.8460  682.2525  678.1141  674.4246  671.1690  668.3477  666.0003  664.1592  662.8347  662.0677  661.8928
    -0.4680    0.0000  762.0063  761.1524  759.8645  758.1912  756.1702  753.8188  751.1691  748.2584  744.7943  740.7001  736.3638  731.7596  726.9829  722.1475  717.2835  712.4990  707.8855  703.2513  698.0583  693.3289  689.0456  685.2122  681.8451  678.8896  676.3659  674.2885  672.6845  671.5215  670.8583  670.7507
    -0.2340    0.0000  762.1809  761.7142  761.0070  760.0710  758.9264  757.5870  756.0693  754.3542  752.4659  750.3915  748.1230  745.4874  742.3053  738.9585  735.5451  732.1254  728.8062  725.6427  722.6771  719.9309  717.4138  715.1291  713.0495  711.1882  709.5234  708.0777  706.8483  705.8460  705.0818  704.4657
     0.0000    0.0000  762.1177  761.5071  760.6000  759.4098  757.9990  756.3275  754.4058  752.3448  750.0219  747.4367  744.1698  740.4340  736.4817  732.2815  728.0113  723.7946  719.8137  716.0837  712.7495  709.6826  706.9435  704.4967  701.9073  699.6240  697.6650  696.1027  694.9089  694.0678  693.5930  693.5355
     0.2340    0.0000  762.1809  761.7140  761.0064  760.0700  758.9250  757.5850  756.0666  754.3508  752.4614  750.3856  748.1157  745.4761  742.2912  738.9416  735.5250  732.1018  728.7786  725.6107  722.6403  719.8901  717.3699  715.0825  713.0008  711.1386  709.4741  708.0303  706.8039  705.8061  705.0386  704.4271
     0.4680    0.0000  762.0062  761.1522  759.8640  758.1903  756.1688  753.8168  751.1663  748.2546  744.7881  740.6921  736.3541  731.7480  726.9694  722.1319  717.2652  712.4774  707.8600  703.2148  698.0132  693.2784  688.9898  685.1531  681.7842  678.8283  676.3055  674.2299  672.6281  671.4670  670.8062  670.7006
     0.7020    0.0000  761.9542  760.9415  759.4221  757.4555  755.0620  752.3325  749.3165  745.9270  741.6704  737.1575  732.4527  727.5882  722.6603  717.6969  712.7714  707.9621  702.9134  697.1754  691.8077  686.8270  682.2330  678.0942  674.4038  671.1521  668.3327  665.9852  664.1420  662.8143  662.0442  661.8659
     0.9360    0.0000  762.0460  761.2569  760.0585  758.4941  756.6166  754.4301  751.9933  749.3544  746.5297  742.9721  739.2077  735.3335  731.3690  727.3935  723.4176  719.4909  715.6444  711.9169  708.3403  704.8822  700.8637  696.9914  693.3769  690.0915  687.1240  684.4812  682.2290  680.3949  679.0018  678.0293
     1.1700    0.0000  761.8890  760.7398  759.0005  756.7480  754.0708  750.9922  747.6378  743.4544  738.8666  734.0629  729.2119  724.3121  719.4422  714.6293  709.8863  705.3198  699.7192  694.1712  688.9248  684.0295  679.5246  675.3925  671.7080  668.4276  665.5934  663.2460  661.3799  660.0132  659.1938  658.9912
     1.4040    0.0000  761.9952  761.0742  759.7013  757.9114  755.7797  753.3513  750.6217  747.7119  744.2457  740.3778  736.4310  732.4218  728.4469  724.5362  720.6513  716.8135  713.1042  709.5116  706.1219  702.4457  698.5455  694.9217  691.6149  688.6809  686.1142  683.9052  682.0941  680.6884  679.7200  679.2208
    -1.2870   -0.2026  761.9704  761.0163  759.5895  757.7326  755.5059  752.9541  750.1440  747.1390  743.4004  739.3874  735.2840  731.1419  727.0133  722.9047  718.8466  714.8550  711.0091  707.3283  703.5526  699.2892  695.2587  691.5332  688.1278  685.0795  682.3962  680.0916  678.2088  676.7626  675.7736  675.2717
    -1.0530   -0.2026  761.8502  760.6157  758.7582  756.3631  753.4907  750.2201  746.6289  741.9630  737.0382  731.9258  726.7414  721.5017  716.2806  711.1294  706.1048  700.1453  693.9865  688.1473  682.6518  677.5344  672.8389  668.5739  664.7553  661.4016  658.5573  656.2095  654.3911  653.1147  652.4286  652.4216
    -0.8190   -0.2026  761.8869  760.7253  758.9903  756.7386  754.0467  750.9678  747.5771  743.3574  738.6395  733.6899  728.6234  723.4632  718.2530  713.0590  707.9492  702.4739  696.1842  690.2429  684.6730  679.5230  674.8067  670.5266  666.7164  663.3726  660.5230  658.1775  656.3641  655.0917  654.3914  654.3722
    -0.5850   -0.2026  762.1150  761.4791  760.5173  759.2553  757.7195  755.9308  753.9254  751.7147  749.3310  746.7971  743.5727  740.1029  736.5038  732.8131  729.0939  725.3797  721.7454  718.2536  714.9295  711.7943  708.8723  706.1771  703.4207  700.5242  697.8834  695.5638  693.5941  691.9923  690.7744  689.9417
    -0.3510   -0.2026  762.0493  761.2691  760.1059  758.5935  756.7429  754.5967  752.1851  749.5248  746.6293  742.8726  738.8212  734.5189  730.0329  725.4160  720.7897  716.2151  711.8199  707.7114  703.6528  699.1861  695.1344  691.5037  688.2916  685.5284  683.1687  681.2078  679.6730  678.5660  677.9183  677.7855
    -0.1170   -0.2026  762.1809  761.7140  761.0066  760.0706  758.9261  757.5868  756.0694  754.3549  752.4673  750.3936  748.1262  745.4923  742.3115  738.9658  735.5534  732.1342  728.8148  725.6502  722.6826  719.9355  717.4191  715.1370  713.0608  711.2032  709.5415  708.0987  706.8718  705.8709  705.1125  704.4956
     0.1170   -0.2026  762.1808  761.7139  761.0062  760.0700  758.9253  757.5860  756.0686  754.3539  752.4661  750.3920  748.1242  745.4887  742.3060  738.9583  735.5436  732.1223  728.8013  725.6356  722.6675  719.9195  717.4015  715.1165  713.0372  711.1775  709.5151  708.0729  706.8474  705.8494  705.0908  704.4787
     0.3510   -0.2026  762.0493  761.2692  760.1061  758.5939  756.7434  754.5972  752.1852  749.5248  746.6287  742.8720  738.8208  734.5191  730.0343  725.4185  720.7931  716.2190  711.8241  707.7159  703.6585  699.1928  695.1411  691.5105  688.2991  685.5364  683.1771  681.2159  679.6801  678.5717  677.9224  677.7878
     0.5850   -0.2026  762.1149  761.4789  760.5169  759.2549  757.7191  755.9304  753.9251  751.7145  749.3312  746.7977  743.5741  740.1051  736.5068  732.8166  729.0976  725.3834  721.7487  718.2567  714.9329  711.7984  708.8775  706.1827  703.4282  700.5332  697.8929  695.5730  693.6019  691.9977  690.7766  689.9403
     0.8190   -0.2026  761.8869  760.7250  758.9895  756.7375  754.0454  750.9662  747.5755  743.3551  738.6369  733.6866  728.6189  723.4570  718.2450  713.0488  707.9365  702.4534  696.1605  690.2161  684.6423  679.4887  674.7694  670.4876  666.6766  663.3337  660.4867  658.1451  656.3373  655.0719  654.3782  654.3646
     1.0530   -0.2026  761.8502  760.6158  758.7584  756.3633  753.4909  750.2198  746.6284  741.9620  737.0368  731.9240  726.7401  721.5011  716.2812  711.1310  706.1072  700.1504  693.9940  688.1554  682.6590  677.5414  672.8470  668.5855  664.7715  661.4196  658.5755  656.2266  654.4059  653.1260  652.4361  652.4254
     1.2870   -0.2026  761.9703  761.0163  759.5895  757.7328  755.5065  752.9551  750.1457  747.1416  743.4052  739.3940  735.2925  731.1528  727.0268  722.9208  718.8648  714.8746  711.0304  707.3510  703.5832  699.3286  695.3044  691.5838  688.1820  685.1358  682.4536  680.1490  678.2656  676.8191  675.8288  675.3253
    -1.4040   -0.4053  762.0446  761.2626  760.0871  758.5688  756.7548  754.6583  752.3573  749.8757  747.2763  744.1402  740.7708  737.3619  733.9375  730.5269  727.1508  723.8503  720.6438  717.5618  714.6210  711.8243  709.1982  706.7631  704.4112  701.8841  699.5514  697.5262  695.8401  694.4885  693.5227  692.9574
    -1.1700   -0.4053  761.9198  760.8386  759.2178  757.1360  754.6454  751.8142  748.7159  745.1087  740.8335  736.4220  731.9358  727.4304  722.9520  718.5079  714.1674  709.9216  705.8766  701.2292  696.4634  692.0051  687.8581  684.0196  680.5614  677.4711  674.8103  672.5614  670.7932  669.4782  668.6810  668.4359
    -0.9360   -0.4053  762.0676  761.3323  760.2293  758.7869  757.0369  755.0230  752.7946  750.3762  747.7949  744.7629  741.3269  737.8051  734.2307  730.6189  727.0138  723.4456  719.9414  716.5520  713.2966  710.1976  707.2812  704.4401  701.2649  698.2268  695.4971  693.0897  691.0309  689.3431  688.0503  687.1654
    -0.7020   -0.4053  761.9610  760.9649  759.4636  757.5204  755.1740  752.4933  749.5224  746.2625  742.1409  737.8083  733.3263  728.7553  724.0667  719.3769  714.7293  710.1814  705.8126  700.7186  695.6252  690.8357  686.4652  682.4688  678.8808  675.7022  672.9768  670.6786  668.8734  667.5688  666.7691  666.5796
    -0.4680   -0.4053  762.1151  761.4794  760.5182  759.2571  757.7228  755.9358  753.9329  751.7252  749.3450  746.8149  743.5997  740.1354  736.5427  732.8589  729.1473  725.4420  721.8172  718.3351  715.0200  711.8927  708.9776  706.2864  703.5560  700.6707  698.0272  695.7016  693.7241  692.1120  690.8842  690.0420
    -0.2340   -0.4053  762.0061  761.1518  759.8633  758.1892  756.1677  753.8163  751.1668  748.2566  744.7924  740.6981  736.3606  731.7545  726.9739  722.1348  717.2670  712.4793  707.8629  703.2228  698.0278  693.2973  689.0127  685.1773  681.8104  678.8545  676.3338  674.2606  672.6633  671.5088  670.8544  670.7546
     0.0000   -0.4053  762.0492  761.2690  760.1058  758.5933  756.7425  754.5958  752.1835  749.5225  746.6254  742.8675  738.8149  734.5115  730.0242  725.4058  720.7778  716.2011  711.8036  707.6934  703.6287  699.1584  695.1042  691.4707  688.2558  685.4900  683.1288  681.1671  679.6320  678.5266  677.8810  677.7497
     0.2340   -0.4053  762.0060  761.1517  759.8631  758.1893  756.1682  753.8175  751.1689  748.2599  744.7982  740.7055  736.3703  731.7663  726.9888  722.1520  717.2864  712.5000  707.8841  703.2464  698.0493  693.3171  689.0317  685.1988  681.8338  678.8826  676.3656  674.2958  672.7007  671.5473  670.8936  670.7932
     0.4680   -0.4053  762.1151  761.4794  760.5183  759.2571  757.7225  755.9351  753.9314  751.7228  749.3418  746.8107  743.5939  740.1292  736.5363  732.8521  729.1394  725.4323  721.8057  718.3216  715.0049  711.8763  708.9602  706.2689  703.5366  700.6497  698.0060  695.6792  693.6998  692.0855  690.8558  690.0122
     0.7020   -0.4053  761.9611  760.9650  759.4640  757.5208  755.1744  752.4930  749.5209  746.2590  742.1352  737.8006  733.3169  728.7444  724.0549  719.3646  714.7164  710.1681  705.7988  700.7013  695.6082  690.8181  686.4459  682.4472  678.8577  675.6774  672.9495  670.6488  668.8403  667.5327  666.7299  666.5389
     0.9360   -0.4053  762.0674  761.3321  760.2288  758.7858  757.0357  755.0215  752.7927  750.3740  747.7924  744.7590  741.3219  737.7989  734.2229  730.6095  727.0023  723.4318  719.9252  716.5340  713.2767  710.1757  707.2579  704.4105  701.2328  698.1958  695.4679  693.0635  691.0084  689.3251  688.0363  687.1548
     1.1700   -0.4053  761.9198  760.8386  759.2177  757.1358  754.6451  751.8136  748.7150  745.1074  740.8317  736.4196  731.9329  727.4268  722.9476  718.5032  714.1628  709.9176  705.8741  701.2287  696.4647  692.0072  687.8600  684.0199  680.5584  677.4630  674.7981  672.5475  670.7797  669.4677  668.6729  668.4296
     1.4040   -0.4053  762.0446  761.2624  760.0867  758.5683  756.7546  754.6585  752.3583  749.8775  747.2791  744.1450  740.7767  737.3688  733.9450  730.5349  727.1590  723.8582  720.6512  717.5687  714.6276  711.8310  709.2057  706.7719  704.4251  701.9043  699.5777  697.5590  695.8793  694.5336  693.5724  693.0101
    -1.2870   -0.6079  761.9565  760.9784  759.4963  757.5644  755.2609  752.6496  749.8061  746.7340  742.8554  738.8240  734.7227  730.5794  726.4684  722.4065  718.4193  714.5596  710.8280  707.2847  703.6915  699.6293  695.8056  692.2524  689.0042  686.0990  683.5741  681.4252  679.6908  678.3539  677.4800  677.1024
    -1.0530   -0.6079  761.9311  760.8750  759.3008  757.2447  754.7747  751.9786  748.9055  745.4064  741.2033  736.8692  732.4503  728.0051  723.5894  719.2086  714.9245  710.7515  706.7520  702.4547  697.7996  693.3859  689.3199  685.5449  682.1269  679.0538  676.4381  674.2231  672.4810  671.1883  670.4047  670.1857
    -0.8190   -0.6079  762.0675  761.3325  760.2296  758.7872  757.0374  755.0237  752.7955  750.3773  747.7964  744.7652  741.3301  737.8094  734.2362  730.6258  727.0223  723.4562  719.9544  716.5673  713.3139  710.2164  707.3012  704.4649  701.2921  698.2534  695.5221  693.1120  691.0500  689.3586  688.0623  687.1746
    -0.5850   -0.6079  761.8869  760.7251  758.9899  756.7381  754.0461  750.9669  747.5763  743.3564  738.6385  733.6887  728.6214  723.4600  718.2484  713.0529  707.9415  702.4616  696.1704  690.2277  684.6557  679.5038  674.7865  670.5058  666.6952  663.3513  660.5039  658.1612  656.3513  655.0819  654.3859  654.3720
    -0.3510   -0.6079  761.9542  760.9419  759.4232  757.4572  755.0646  752.3359  749.3207  745.9331  741.6783  737.1676  732.4656  727.6045  722.6805  717.7215  712.8009  707.9959  702.9638  697.2313  691.8691  686.8942  682.3052  678.1696  674.4806  671.2287  668.4070  666.0549  664.2048  662.8691  662.0906  661.9069
    -0.1170   -0.6079  762.1149  761.4789  760.5171  759.2551  757.7195  755.9312  753.9263  751.7163  749.3334  746.7999  743.5765  740.1068  736.5080  732.8173  729.0980  725.3840  721.7503  718.2592  714.9356  711.8010  708.8800  706.1852  703.4310  700.5357  697.8957  695.5766  693.6065  692.0036  690.7844  689.9503
     0.1170   -0.6079  762.1151  761.4794  760.5182  759.2570  757.7224  755.9350  753.9312  751.7225  749.3413  746.8103  743.5929  740.1277  736.5340  732.8488  729.1352  725.4266  721.7978  718.3112  714.9924  711.8623  708.9447  706.2516  703.5120  700.6196  697.9739  695.6467  693.6685  692.0565  690.8296  689.9897
     0.3510   -0.6079  761.9542  760.9414  759.4220  757.4552  755.0616  752.3323  749.3163  745.9271  741.6708  737.1582  732.4533  727.5886  722.6601  717.6965  712.7709  707.9620  702.9142  697.1778  691.8110  686.8305  682.2360  678.0963  674.4054  671.1516  668.3311  665.9833  664.1409  662.8151  662.0474  661.8718
     0.5850   -0.6079  761.8870  760.7255  758.9907  756.7392  754.0476  750.9686  747.5779  743.3583  738.6405  733.6912  728.6248  723.4652  718.2563  713.0638  707.9559  702.4857  696.1993  690.2614  684.6933  679.5448  674.8294  670.5498  666.7393  663.3941  660.5419  658.1924  656.3747  655.0983  654.3948  654.3757
     0.8190   -0.6079  762.0675  761.3321  760.2286  758.7856  757.0353  755.0214  752.7930  750.3749  747.7934  744.7607  741.3235  737.8003  734.2237  730.6095  727.0019  723.4313  719.9250  716.5340  713.2768  710.1761  707.2587  704.4130  701.2365  698.2009  695.4762  693.0769  691.0274  689.3502  688.0660  687.1870
     1.0530   -0.6079  761.9313  760.8755  759.3019  757.2464  754.7770  751.9811  748.9080  745.4095  741.2067  736.8732  732.4552  728.0116  723.5979  719.2195  714.9381  710.7683  706.7721  702.4860  697.8354  693.4251  689.3613  685.5874  682.1681  679.0916  676.4705  674.2483  672.4973  671.1950  670.4032  670.1782
     1.2870   -0.6079  761.9565  760.9787  759.4967  757.5652  755.2620  752.6508  749.8073  746.7356  742.8573  738.8263  734.7257  730.5835  726.4740  722.4137  718.4286  714.5711  710.8419  707.3010  703.7143  699.6560  695.8340  692.2819  689.0343  686.1290  683.6031  681.4525  679.7157  678.3759  677.4991  677.1191
    -1.1700   -0.8106  761.9564  760.9783  759.4961  757.5641  755.2607  752.6492  749.8057  746.7336  742.8549  738.8233  734.7217  730.5781  726.4666  722.4042  718.4165  714.5561  710.8237  707.2796  703.6845  699.6205  695.7959  692.2423  688.9941  686.0897  683.5660  681.4189  679.6866  678.3516  677.4795  677.1032
    -0.9360   -0.8106  761.9198  760.8386  759.2177  757.1358  754.6449  751.8132  748.7140  745.1054  740.8289  736.4159  731.9285  727.4218  722.9423  718.4972  714.1561  709.9094  705.8638  701.2104  696.4419  691.9810  687.8321  683.9918  680.5324  677.4411  674.7801  672.5307  670.7629  669.4484  668.6507  668.4042
    -0.7020   -0.8106  761.8502  760.6161  758.7588  756.3639  753.4917  750.2209  746.6300  741.9640  737.0394  731.9275  726.7442  721.5059  716.2865  711.1372  706.1145  700.1604  694.0045  688.1672  682.6733  677.5580  672.8647  668.6016  664.7840  661.4294  658.5828  656.2314  654.4082  653.1262  652.4345  652.4229
    -0.4680   -0.8106  762.0460  761.2568  760.0583  758.4938  756.6165  754.4304  751.9944  749.3563  746.5330  742.9764  739.2125  735.3382  731.3733  727.3967  723.4194  719.4909  715.6424  711.9130  708.3351  704.8754  700.8565  696.9855  693.3736  690.0927  687.1309  684.4953  682.2503  680.4229  679.0342  678.0636
    -0.2340   -0.8106  761.8869  760.7251  758.9897  756.7375  754.0454  750.9662  747.5755  743.3556  738.6377  733.6877  728.6201  723.4584  718.2463  713.0504  707.9386  702.4578  696.1664  690.2231  684.6498  679.4964  674.7765  670.4935  666.6813  663.3368  660.4888  658.1461  656.3376  655.0717  654.3786  654.3683
     0.0000   -0.8106  761.9610  760.9650  759.4640  757.5208  755.1747  752.4938  749.5225  746.2621  742.1396  737.8063  733.3236  728.7520  724.0631  719.3727  714.7245  710.1755  705.8059  700.7099  695.6174  690.8284  686.4578  682.4611  678.8725  675.6931  672.9662  670.6660  668.8584  667.5509  666.7482  666.5553
     0.2340   -0.8106  761.8869  760.7255  758.9905  756.7390  754.0472  750.9680  747.5771  743.3569  738.6387  733.6891  728.6224  723.4626  718.2533  713.0604  707.9520  702.4794  696.1920  690.2526  684.6832  679.5338  674.8180  670.5381  666.7274  663.3818  660.5293  658.1797  656.3619  655.0854  654.3818  654.3621
     0.4680   -0.8106  762.0460  761.2568  760.0582  758.4935  756.6159  754.4294  751.9928  749.3540  746.5293  742.9716  739.2068  735.3316  731.3659  727.3888  723.4112  719.4822  715.6335  711.9039  708.3254  704.8630  700.8431  696.9715  693.3591  690.0776  687.1156  684.4800  682.2348  680.4071  679.0178  678.0465
     0.7020   -0.8106  761.8502  760.6159  758.7586  756.3635  753.4911  750.2201  746.6284  741.9618  737.0362  731.9231  726.7385  721.4990  716.2787  711.1288  706.1057  700.1489  693.9928  688.1544  682.6586  677.5407  672.8440  668.5773  664.7569  661.4005  658.5529  656.2007  654.3777  653.0967  652.4074  652.3992
     0.9360   -0.8106  761.9198  760.8386  759.2178  757.1360  754.6452  751.8137  748.7150  745.1072  740.8312  736.4191  731.9328  727.4272  722.9487  718.5050  714.1654  709.9209  705.8778  701.2328  696.4679  692.0100  687.8629  684.0246  680.5668  677.4767  674.8162  672.5667  670.7980  669.4815  668.6818  668.4342
     1.1700   -0.8106  761.9565  760.9784  759.4961  757.5642  755.2607  752.6496  749.8064  746.7348  742.8567  738.8257  734.7247  730.5816  726.4707  722.4086  718.4213  714.5612  710.8291  707.2851  703.6914  699.6287  695.8051  692.2529  689.0065  686.1044  683.5832  681.4380  679.7075  678.3732  677.5013  677.1251
    -1.0530   -1.0132  762.0446  761.2624  760.0869  758.5685  756.7548  754.6588  752.3587  749.8780  747.2796  744.1460  740.7779  737.3705  733.9473  730.5377  727.1624  723.8623  720.6560  717.5740  714.6334  711.8370  709.2118  706.7781  704.4320  701.9107  699.5823  697.5615  695.8795  694.5314  693.5681  693.0040
    -0.8190   -1.0132  761.9704  761.0165  759.5899  757.7334  755.5069  752.9551  750.1450  747.1398  743.4014  739.3887  735.2859  731.1447  727.0173  722.9104  718.8541  714.8641  711.0200  707.3409  703.5701  699.3107  695.2828  691.5590  688.1540  685.1043  682.4184  680.1100  678.2227  676.7727  675.7795  675.2741
    -0.5850   -1.0132  761.8890  760.7398  759.0005  756.7478  754.0702  750.9912  747.6362  743.4515  738.8626  734.0578  729.2055  724.3044  719.4331  714.6189  709.8747  705.3073  699.7022  694.1532  688.9045  684.0061  679.4981  675.3633  671.6765  668.3940  665.5583  663.2099  661.3433  659.9766  659.1575  658.9551
    -0.3510   -1.0132  761.8502  760.6161  758.7589  756.3642  753.4922  750.2217  746.6313  741.9660  737.0422  731.9313  726.7491  721.5124  716.2950  711.1483  706.1285  700.1837  694.0324  688.1987  682.7065  677.5915  672.8969  668.6320  664.8105  661.4536  658.6050  656.2507  654.4251  653.1426  652.4514  652.4414
    -0.1170   -1.0132  762.0676  761.3325  760.2295  758.7873  757.0378  755.0245  752.7967  750.3792  747.7990  744.7695  741.3353  737.8156  734.2434  730.6339  727.0312  723.4658  719.9643  716.5778  713.3251  710.2281  707.3131  704.4794  701.3079  698.2694  695.5389  693.1295  691.0684  689.3779  688.0823  687.1954
     0.1170   -1.0132  762.0674  761.3320  760.2285  758.7854  757.0353  755.0216  752.7934  750.3755  747.7945  744.7623  741.3257  737.8028  734.2264  730.6122  727.0042  723.4327  719.9250  716.5327  713.2748  710.1742  707.2572  704.4119  701.2367  698.2021  695.4777  693.0780  691.0276  689.3476  688.0617  687.1817
     0.3510   -1.0132  761.8502  760.6157  758.7583  756.3630  753.4905  750.2192  746.6271  741.9600  737.0339  731.9199  726.7342  721.4934  716.2714  711.1198  706.0950  700.1329  693.9751  688.1355  682.6387  677.5210  672.8246  668.5584  664.7378  661.3811  658.5331  656.1817  654.3595  653.0803  652.3921  652.3846
     0.5850   -1.0132  761.8890  760.7397  759.0003  756.7476  754.0702  750.9914  747.6367  743.4528  738.8643  734.0600  729.2078  724.3069  719.4357  714.6217  709.8778  705.3110  699.7078  694.1592  688.9099  684.0107  679.5012  675.3652  671.6778  668.3956  665.5606  663.2129  661.3474  659.9817  659.1638  658.9625
     0.8190   -1.0132  761.9704  761.0166  759.5901  757.7337  755.5073  752.9557  750.1459  747.1411  743.4037  739.3917  735.2899  731.1501  727.0244  722.9196  718.8661  714.8797  711.0395  707.3640  703.6014  699.3463  695.3189  691.5948  688.1869  685.1324  682.4411  680.1280  678.2372  676.7857  675.7919  675.2877
     1.0530   -1.0132  762.0446  761.2624  760.0869  758.5685  756.7548  754.6587  752.3587  749.8778  747.2794  744.1456  740.7776  737.3700  733.9467  730.5369  727.1616  723.8614  720.6550  717.5730  714.6324  711.8363  709.2111  706.7777  704.4319  701.9107  699.5828  697.5622  695.8804  694.5325  693.5695  693.0055
    -0.7020   -1.2159  761.9952  761.0741  759.7011  757.9110  755.7795  753.3510  750.6218  747.7122  744.2466  740.3788  736.4322  732.4229  728.4476  724.5364  720.6506  716.8116  713.1009  709.5068  706.1159  702.4370  698.5365  694.9128  691.6068  688.6746  686.1105  683.9044  682.0967  680.6942  679.7283  679.2308
    -0.4680   -1.2159  761.9704  761.0164  759.5899  757.7333  755.5068  752.9550  750.1450  747.1399  743.4016  739.3889  735.2863  731.1453  727.0181  722.9113  718.8553  714.8658  711.0220  707.3432  703.5732  699.3143  695.2865  691.5627  688.1580  685.1088  682.4231  680.1148  678.2276  676.7779  675.7850  675.2799
    -0.2340   -1.2159  761.9198  760.8384  759.2174  757.1354  754.6445  751.8133  748.7149  745.1081  740.8330  736.4211  731.9343  727.4279  722.9480  718.5030  714.1617  709.9164  705.8723  701.2253  696.4608  692.0030  687.8521  684.0082  680.5460  677.4555  674.7971  672.5517  670.7878  669.4770  668.6828  668.4391
     0.0000   -1.2159  761.9313  760.8750  759.3010  757.2449  754.7748  751.9786  748.9053  745.4059  741.2026  736.8681  732.4486  728.0029  723.5866  719.2053  714.9205  710.7473  706.7476  702.4492  697.7944  693.3807  689.3143  685.5388  682.1195  679.0448  676.4273  674.2104  672.4663  671.1716  670.3869  670.1679
     0.2340   -1.2159  761.9198  760.8386  759.2179  757.1362  754.6457  751.8144  748.7157  745.1080  740.8323  736.4205  731.9345  727.4295  722.9519  718.5089  714.1699  709.9259  705.8830  701.2402  696.4761  692.0186  687.8716  684.0323  680.5727  677.4802  674.8170  672.5650  670.7938  669.4757  668.6747  668.4261
     0.4680   -1.2159  761.9702  761.0161  759.5892  757.7324  755.5059  752.9544  750.1450  747.1409  743.4040  739.3924  735.2905  731.1502  727.0233  722.9167  718.8609  714.8715  711.0274  707.3481  703.5779  699.3184  695.2894  691.5651  688.1607  685.1136  682.4317  680.1286  678.2475  676.8040  675.8168  675.3157
     0.7020   -1.2159  761.9951  761.0741  759.7011  757.9110  755.7793  753.3508  750.6212  747.7114  744.2450  740.3769  736.4298  732.4201  728.4446  724.5332  720.6475  716.8088  713.0986  709.5048  706.1139  702.4333  698.5314  694.9063  691.5988  688.6651  686.0993  683.8919  682.0828  680.6792  679.7127  679.2152
    -0.3510   -1.4185  762.0446  761.2622  760.0865  758.5681  756.7543  754.6583  752.3583  749.8776  747.2794  744.1456  740.7775  737.3698  733.9463  730.5364  727.1607  723.8603  720.6537  717.5716  714.6308  711.8339  709.2081  706.7742  704.4271  701.9056  699.5781  697.5588  695.8788  694.5331  693.5720  693.0096
    -0.1170   -1.4185  761.9565  760.9785  759.4966  757.5649  755.2615  752.6501  749.8065  746.7343  742.8554  738.8240  734.7230  730.5801  726.4699  722.4090  718.4231  714.5648  710.8344  707.2923  703.7019  699.6409  695.8174  692.2642  689.0159  686.1101  683.5837  681.4330  679.6959  678.3563  677.4795  677.0996
     0.1170   -1.4185  761.9565  760.9784  759.4964  757.5646  755.2613  752.6501  749.8070  746.7356  742.8577  738.8269  734.7266  730.5840  726.4741  722.4126  718.4263  714.5674  710.8369  707.2946  703.7050  699.6465  695.8251  692.2737  689.0270  686.1230  683.5988  681.4504  679.7159  678.3785  677.5039  677.1253
     0.3510   -1.4185  762.0446  761.2622  760.0866  758.5682  756.7546  754.6587  752.3588  749.8784  747.2804  744.1470  740.7793  737.3719  733.9487  730.5389  727.1633  723.8626  720.6557  717.5731  714.6318  711.8350  709.2098  706.7764  704.4306  701.9105  699.5838  697.5653  695.8859  694.5407  693.5799  693.0176
