    -0.3510    1.4185  283.4437  287.3343  291.0537  294.5296  297.8622  301.2113  304.1269  306.9163  309.3738  311.5877  313.5362  315.3050  316.9880  318.4367  319.7939  320.8083  321.7193  322.3368  322.8562  323.2509  323.4617  323.4215  323.1826  322.7889  322.0568  321.1843  320.0908  318.8460  317.2684  315.3975
    -0.1170    1.4185  284.1849  289.0397  293.8322  298.4332  302.7108  306.6361  310.1714  313.7788  316.6616  319.2249  321.6582  323.8965  325.7095  327.3490  328.8461  329.9010  330.9470  331.5321  331.9124  332.1328  332.0939  331.9892  331.6513  330.9482  329.9834  328.8319  327.4030  325.8286  323.8120  321.4305
     0.1170    1.4185  284.1851  289.0402  293.8332  298.4345  302.7123  306.6376  310.1727  313.7799  316.6623  319.2252  321.6578  323.8954  325.7077  327.3465  328.8431  329.8975  330.9430  331.5279  331.9085  332.1289  332.0895  331.9841  331.6452  330.9406  329.9741  328.8208  327.3902  325.8144  323.7971  321.4156
     0.3510    1.4185  283.4436  287.3341  291.0533  294.5291  297.8617  301.2108  304.1265  306.9162  309.3740  311.5881  313.5371  315.3063  316.9897  318.4389  319.7965  320.8112  321.7226  322.3404  322.8600  323.2549  323.4661  323.4263  323.1875  322.7941  322.0628  321.1911  320.0983  318.8539  317.2766  315.4054
    -0.7020    1.2159  283.8567  288.5301  292.8352  297.0748  300.9872  304.6791  308.6464  311.7502  314.5790  317.2072  319.5824  321.8428  323.5334  324.9647  326.6875  328.2008  329.2182  330.1988  330.7087  330.7205  330.9660  330.8448  330.4465  329.5929  328.6874  327.6354  326.2992  324.7149  322.8654  320.6288
    -0.4680    1.2159  284.0635  288.8129  293.3055  297.6776  301.8608  305.8451  309.5216  312.8033  315.8298  318.5371  321.0570  323.2274  325.1251  326.9283  328.5799  330.0559  331.0426  331.8446  332.4237  332.6088  332.7091  332.4932  332.1366  331.4268  330.5987  329.5017  328.0913  326.3742  324.4458  322.1301
    -0.2340    1.2159  284.4970  289.9500  295.1340  299.9513  304.6784  309.0441  313.0721  317.0090  320.2104  323.2240  325.9467  328.2912  330.3924  332.3789  333.9430  335.4642  336.4444  336.8920  337.3961  337.4870  337.4961  337.3374  336.7522  336.0179  334.8802  333.5857  331.8333  329.9502  327.6045  324.9192
     0.0000    1.2159  284.4017  289.7343  294.7185  299.6869  304.4487  308.6905  312.7899  316.4920  319.6132  322.5569  325.3169  327.6776  329.7356  331.6927  333.2750  334.6516  335.7058  336.1434  336.4327  336.8139  336.6195  336.5280  336.0583  335.4291  334.1498  332.9019  331.1830  329.3109  326.9814  324.2103
     0.2340    1.2159  284.4969  289.9497  295.1334  299.9505  304.6774  309.0428  313.0707  317.0074  320.2088  323.2224  325.9454  328.2901  330.3916  332.3784  333.9428  335.4642  336.4446  336.8920  337.3960  337.4868  337.4960  337.3377  336.7532  336.0198  334.8831  333.5894  331.8375  329.9545  327.6085  324.9220
     0.4680    1.2159  284.0636  288.8134  293.3063  297.6786  301.8619  305.8461  309.5222  312.8033  315.8293  318.5357  321.0544  323.2235  325.1199  326.9220  328.5725  330.0478  331.0340  331.8359  332.4157  332.6009  332.7002  332.4821  332.1227  331.4098  330.5785  329.4788  328.0660  326.3474  324.4184  322.1032
     0.7020    1.2159  283.8565  288.5298  292.8345  297.0739  300.9862  304.6782  308.6456  311.7498  314.5790  317.2077  319.5835  321.8445  323.5359  324.9678  326.6913  328.2051  329.2230  330.2039  330.7141  330.7254  330.9713  330.8506  330.4533  329.6009  328.6969  327.6464  326.3116  324.7284  322.8794  320.6425
    -1.0530    1.0132  283.4437  287.3343  291.0537  294.5296  297.8623  301.2114  304.1270  306.9165  309.3740  311.5879  313.5366  315.3055  316.9886  318.4375  319.7949  320.8094  321.7206  322.3382  322.8577  323.2526  323.4637  323.4238  323.1850  322.7914  322.0595  321.1871  320.0936  318.8487  317.2711  315.4001
    -0.8190    1.0132  284.0635  288.8129  293.3055  297.6776  301.8608  305.8451  309.5216  312.8033  315.8299  318.5372  321.0572  323.2275  325.1253  326.9287  328.5804  330.0566  331.0439  331.8464  332.4256  332.6110  332.7115  332.4951  332.1379  331.4275  330.5989  329.5015  328.0908  326.3737  324.4454  322.1299
    -0.5850    1.0132  284.7548  290.5338  296.1872  301.5249  306.5000  311.5066  315.7836  319.9635  323.2319  326.9748  329.7436  332.5037  334.8175  336.8912  338.9003  340.3658  341.5559  342.3754  342.8669  342.9469  342.7550  342.4252  341.6279  340.8078  339.6557  338.0450  336.3219  334.2259  331.7129  328.7090
    -0.3510    1.0132  285.0858  291.2963  297.3055  302.9596  308.5185  313.6803  318.3830  322.7468  326.6536  330.4436  333.6083  336.6580  339.2952  341.5204  343.6063  345.0971  346.2964  346.9520  347.3531  347.4079  347.2499  346.7771  346.0848  345.0373  343.6265  341.9874  340.0193  337.6641  334.8376  331.4884
    -0.1170    1.0132  283.2361  286.8732  290.2930  293.6225  296.9217  299.9750  302.8170  305.5379  308.2383  310.6022  312.8076  314.8121  316.6943  318.4545  319.9994  321.3037  322.4947  323.2936  324.0028  324.4509  324.7479  324.7862  324.6823  324.4218  323.8475  323.0515  322.0631  320.7973  319.3382  317.5175
     0.1170    1.0132  283.2360  286.8727  290.2921  293.6212  296.9200  299.9730  302.8149  305.5357  308.2361  310.5998  312.8049  314.8091  316.6909  318.4505  319.9947  321.2980  322.4877  323.2849  323.9926  324.4397  324.7361  324.7751  324.6722  324.4131  323.8406  323.0470  322.0609  320.7971  319.3393  317.5189
     0.3510    1.0132  285.0859  291.2965  297.3058  302.9602  308.5192  313.6813  318.3842  322.7483  326.6554  330.4456  333.6107  336.6608  339.2984  341.5239  343.6101  345.1010  346.3007  346.9568  347.3568  347.4117  347.2557  346.7850  346.0932  345.0461  343.6353  341.9959  340.0274  337.6716  334.8445  331.4953
     0.5850    1.0132  284.7548  290.5338  296.1871  301.5247  306.4997  311.5062  315.7830  319.9627  323.2308  326.9734  329.7418  332.5015  334.8147  336.8878  338.8962  340.3609  341.5508  342.3699  342.8610  342.9406  342.7483  342.4186  341.6215  340.8018  339.6498  338.0389  336.3154  334.2186  331.7049  328.7004
     0.8190    1.0132  284.0636  288.8134  293.3063  297.6786  301.8619  305.8461  309.5221  312.8031  315.8290  318.5353  321.0540  323.2230  325.1194  326.9214  328.5718  330.0469  331.0327  331.8343  332.4140  332.5990  332.6981  332.4799  332.1205  331.4078  330.5767  329.4778  328.0655  326.3471  324.4181  322.1026
     1.0530    1.0132  283.4437  287.3344  291.0537  294.5296  297.8622  301.2111  304.1266  306.9159  309.3733  311.5872  313.5358  315.3047  316.9878  318.4368  319.7944  320.8091  321.7206  322.3385  322.8583  323.2532  323.4642  323.4239  323.1846  322.7903  322.0576  321.1846  320.0905  318.8452  317.2672  315.3959
    -1.1700    0.8106  284.1849  289.0397  293.8323  298.4333  302.7109  306.6362  310.1715  313.7789  316.6618  319.2253  321.6586  323.8970  325.7100  327.3495  328.8468  329.9018  330.9479  331.5333  331.9137  332.1343  332.0954  331.9908  331.6531  330.9500  329.9853  328.8340  327.4053  325.8312  323.8148  321.4337
    -0.9360    0.8106  284.4971  289.9504  295.1348  299.9527  304.6804  309.0467  313.0754  317.0129  320.2150  323.2294  325.9532  328.2988  330.4011  332.3890  333.9547  335.4781  336.4603  336.9085  337.4143  337.5070  337.5179  337.3606  336.7767  336.0431  334.9056  333.6107  331.8573  329.9733  327.6268  324.9411
    -0.7020    0.8106  285.0857  291.2962  297.3053  302.9594  308.5183  313.6804  318.3833  322.7475  326.6548  330.4452  333.6104  336.6606  339.2983  341.5238  343.6099  345.1006  346.3001  346.9562  347.3568  347.4118  347.2558  346.7853  346.0944  345.0485  343.6392  342.0014  340.0344  337.6798  334.8533  331.5037
    -0.4680    0.8106  283.4085  287.3135  291.0932  294.6823  298.0739  301.5553  304.7755  307.7177  310.4828  312.9756  315.6590  317.9683  320.2643  322.0245  323.7845  325.1971  326.4919  327.4628  328.2590  328.8679  328.9149  328.7323  328.6950  328.1683  327.6534  326.9478  325.8512  324.4291  322.8169  320.9626
    -0.2340    0.8106  284.7804  290.6733  296.2245  301.6305  306.7860  311.7383  316.3784  320.4874  324.5591  328.5397  331.9328  335.1910  338.2607  340.8578  343.1406  344.7959  346.1901  346.7404  347.0791  346.9666  346.6784  346.1386  345.3163  344.2505  342.8989  341.2088  339.2089  336.8533  334.1150  330.7553
     0.0000    0.8106  284.1561  289.2259  294.0823  298.6846  303.3015  307.5526  311.7060  315.4413  318.9099  322.2367  325.4554  328.3095  331.4612  333.8391  335.9818  337.6689  339.0256  339.6348  339.8074  340.0221  339.5855  339.1640  338.4944  337.5992  336.3776  335.0268  333.2143  331.0914  328.7653  325.7678
     0.2340    0.8106  284.7804  290.6733  296.2244  301.6305  306.7859  311.7382  316.3782  320.4872  324.5587  328.5391  331.9322  335.1902  338.2596  340.8564  343.1390  344.7940  346.1878  346.7376  347.0761  346.9633  346.6752  346.1357  345.3139  344.2486  342.8974  341.2077  339.2080  336.8526  334.1143  330.7548
     0.4680    0.8106  283.4084  287.3134  291.0929  294.6820  298.0736  301.5549  304.7753  307.7176  310.4829  312.9760  315.6597  317.9693  320.2656  322.0261  323.7863  325.1992  326.4943  327.4654  328.2616  328.8704  328.9175  328.7353  328.6986  328.1726  327.6584  326.9536  325.8576  324.4360  322.8240  320.9696
     0.7020    0.8106  285.0856  291.2957  297.3044  302.9582  308.5168  313.6786  318.3814  322.7456  326.6529  330.4434  333.6088  336.6591  339.2969  341.5224  343.6084  345.0984  346.2974  346.9532  347.3550  347.4104  347.2538  346.7834  346.0934  345.0487  343.6408  342.0045  340.0391  337.6859  334.8607  331.5117
     0.9360    0.8106  284.4970  289.9501  295.1343  299.9518  304.6792  309.0453  313.0736  317.0108  320.2126  323.2266  325.9500  328.2951  330.3969  332.3839  333.9484  335.4698  336.4502  336.8976  337.4023  337.4941  337.5043  337.3468  336.7631  336.0302  334.8938  333.5999  331.8475  329.9642  327.6180  324.9318
     1.1700    0.8106  284.1850  289.0401  293.8329  298.4342  302.7119  306.6372  310.1724  313.7797  316.6622  319.2253  321.6582  323.8962  325.7089  327.3482  328.8452  329.9000  330.9459  331.5310  331.9114  332.1317  332.0925  331.9875  331.6491  330.9452  329.9795  328.8271  327.3972  325.8219  323.8047  321.4231
    -1.2870    0.6079  284.1851  289.0402  293.8332  298.4346  302.7125  306.6380  310.1733  313.7806  316.6632  319.2263  321.6592  323.8970  325.7093  327.3482  328.8449  329.8993  330.9450  331.5301  331.9107  332.1317  332.0931  331.9886  331.6504  330.9465  329.9806  328.8278  327.3976  325.8220  323.8047  321.4232
    -1.0530    0.6079  284.4017  289.7342  294.7182  299.6865  304.4482  308.6899  312.7893  316.4914  319.6125  322.5562  325.3160  327.6766  329.7345  331.6912  333.2730  334.6490  335.7028  336.1401  336.4289  336.8097  336.6151  336.5236  336.0542  335.4252  334.1462  332.8987  331.1802  329.3086  326.9794  324.2086
    -0.8190    0.6079  283.2359  286.8725  290.2917  293.6207  296.9195  299.9725  302.8145  305.5355  308.2362  310.6001  312.8055  314.8097  316.6914  318.4507  319.9949  321.2987  322.4893  323.2887  323.9978  324.4456  324.7420  324.7801  324.6763  324.4167  323.8443  323.0510  322.0657  320.8026  319.3453  317.5253
    -0.5850    0.6079  284.7804  290.6734  296.2247  301.6309  306.7864  311.7389  316.3789  320.4880  324.5596  328.5400  331.9330  335.1909  338.2603  340.8570  343.1394  344.7945  346.1882  346.7382  347.0768  346.9641  346.6758  346.1361  345.3140  344.2486  342.8973  341.2078  339.2086  336.8542  334.1165  330.7580
    -0.3510    0.6079  284.2111  289.3625  294.2351  298.8848  303.7092  307.9934  312.1332  316.1965  319.8003  323.6304  327.2372  330.6854  333.6241  336.3600  338.6738  340.4717  341.8493  342.2970  342.4941  342.4201  342.2468  341.5172  340.7106  339.7278  338.6512  337.1191  335.2781  333.0860  330.5021  327.5958
    -0.1170    0.6079  282.8428  286.0298  289.0502  291.9839  294.9113  297.7647  300.5069  303.2298  305.8779  308.4086  310.9286  313.5296  315.8999  318.0361  319.8499  321.4067  322.5342  323.1814  323.6884  323.9385  324.0125  323.9126  323.5879  323.1941  322.7035  321.9064  320.8952  319.6312  318.1982  316.4741
     0.1170    0.6079  282.8428  286.0300  289.0505  291.9846  294.9124  297.7664  300.5092  303.2330  305.8821  308.4138  310.9346  313.5368  315.9084  318.0460  319.8614  321.4199  322.5495  323.1991  323.7085  323.9611  324.0373  323.9393  323.6142  323.2205  322.7305  321.9333  320.9217  319.6569  318.2230  316.4979
     0.3510    0.6079  284.2111  289.3626  294.2352  298.8851  303.7098  307.9944  312.1348  316.1989  319.8034  323.6343  327.2421  330.6914  333.6312  336.3684  338.6836  340.4831  341.8615  342.3107  342.5094  342.4370  342.2651  341.5369  340.7317  339.7501  338.6745  337.1430  335.3023  333.1100  330.5258  327.6192
     0.5850    0.6079  284.7805  290.6738  296.2253  301.6318  306.7876  311.7403  316.3806  320.4898  324.5616  328.5423  331.9357  335.1940  338.2639  340.8612  343.1442  344.7995  346.1936  346.7438  347.0825  346.9705  346.6830  346.1439  345.3221  344.2566  342.9049  341.2144  339.2138  336.8577  334.1189  330.7594
     0.8190    0.6079  283.2359  286.8726  290.2919  293.6211  296.9201  299.9735  302.8158  305.5374  308.2386  310.6030  312.8090  314.8140  316.6967  318.4573  320.0024  321.3068  322.4976  323.2968  324.0064  324.4550  324.7524  324.7900  324.6856  324.4260  323.8537  323.0607  322.0756  320.8128  319.3557  317.5357
     1.0530    0.6079  284.4015  289.7337  294.7173  299.6851  304.4462  308.6874  312.7861  316.4877  319.6082  322.5512  325.3103  327.6702  329.7272  331.6830  333.2641  334.6392  335.6922  336.1294  336.4175  336.7975  336.6020  336.5095  336.0393  335.4099  334.1310  332.8839  331.1661  329.2953  326.9667  324.1962
     1.2870    0.6079  284.1849  289.0398  293.8325  298.4336  302.7113  306.6366  310.1720  313.7795  316.6624  319.2259  321.6593  323.8978  325.7109  327.3507  328.8481  329.9033  330.9497  331.5353  331.9159  332.1366  332.0979  331.9933  331.6556  330.9524  329.9876  328.8361  327.4072  325.8327  323.8162  321.4348
    -1.4040    0.4053  283.4436  287.3340  291.0531  294.5290  297.8617  301.2110  304.1270  306.9170  309.3753  311.5898  313.5393  315.3091  316.9931  318.4430  319.8012  320.8166  321.7286  322.3469  322.8672  323.2627  323.4746  323.4356  323.1970  322.8043  322.0740  321.2035  320.1117  318.8683  317.2916  315.4208
    -1.1700    0.4053  284.4971  289.9503  295.1345  299.9521  304.6795  309.0454  313.0737  317.0107  320.2122  323.2261  325.9495  328.2945  330.3961  332.3832  333.9479  335.4700  336.4510  336.8988  337.4034  337.4947  337.5046  337.3466  336.7622  336.0283  334.8906  333.5954  331.8419  329.9573  327.6105  324.9241
    -0.9360    0.4053  283.2359  286.8727  290.2920  293.6209  296.9195  299.9722  302.8135  305.5336  308.2332  310.5961  312.8001  314.8031  316.6836  318.4418  319.9844  321.2859  322.4736  323.2695  323.9758  324.4213  324.7162  324.7550  324.6515  324.3915  323.8183  323.0242  322.0379  320.7743  319.3168  317.4968
    -0.7020    0.4053  284.1561  289.2260  294.0824  298.6848  303.3017  307.5527  311.7058  315.4409  318.9090  322.2352  325.4531  328.3064  331.4572  333.8342  335.9757  337.6615  339.0170  339.6260  339.7976  340.0115  339.5742  339.1527  338.4825  337.5870  336.3650  335.0142  333.2016  331.0787  328.7526  325.7546
    -0.4680    0.4053  282.8429  286.0301  289.0507  291.9848  294.9126  297.7667  300.5095  303.2332  305.8821  308.4139  310.9347  313.5370  315.9088  318.0466  319.8621  321.4206  322.5502  323.1997  323.7092  323.9619  324.0383  323.9405  323.6157  323.2222  322.7323  321.9352  320.9232  319.6580  318.2236  316.4981
    -0.2340    0.4053  283.7856  288.0221  292.1996  296.1976  300.1766  304.1864  308.1980  312.0459  315.8328  319.3470  323.0879  327.1039  330.6756  333.5185  336.2449  338.1949  339.5941  339.8215  339.6914  339.0762  338.4744  337.6184  336.5749  335.5789  334.3605  332.8255  331.0345  329.1453  326.8080  324.0785
     0.0000    0.4053  283.4233  287.3797  291.0816  294.6937  298.4929  302.1023  305.7026  309.2773  312.8503  316.3629  320.0057  323.7344  327.2057  330.3720  332.8352  334.8298  335.9726  336.2902  336.2863  335.6838  334.8926  334.0869  333.1789  331.9137  330.7580  329.4043  327.8064  325.9632  323.8274  321.2912
     0.2340    0.4053  283.7856  288.0221  292.1996  296.1976  300.1765  304.1863  308.1979  312.0458  315.8326  319.3466  323.0872  327.1027  330.6739  333.5162  336.2422  338.1920  339.5913  339.8190  339.6889  339.0735  338.4720  337.6163  336.5727  335.5765  334.3577  332.8222  331.0308  329.1419  326.8049  324.0753
     0.4680    0.4053  282.8429  286.0301  289.0508  291.9850  294.9129  297.7670  300.5099  303.2338  305.8829  308.4147  310.9356  313.5379  315.9098  318.0476  319.8632  321.4221  322.5521  323.2020  323.7117  323.9648  324.0416  323.9440  323.6190  323.2254  322.7354  321.9381  320.9261  319.6608  318.2263  316.5009
     0.7020    0.4053  284.1561  289.2260  294.0825  298.6848  303.3017  307.5526  311.7056  315.4405  318.9085  322.2347  325.4527  328.3061  331.4571  333.8344  335.9762  337.6624  339.0181  339.6273  339.7991  340.0132  339.5761  339.1545  338.4840  337.5879  336.3651  335.0131  333.1993  331.0753  328.7483  325.7500
     0.9360    0.4053  283.2360  286.8727  290.2920  293.6210  296.9196  299.9723  302.8138  305.5341  308.2338  310.5970  312.8015  314.8050  316.6860  318.4447  319.9879  321.2897  322.4778  323.2739  323.9806  324.4267  324.7226  324.7620  324.6592  324.3998  323.8270  323.0330  322.0466  320.7827  319.3247  317.5041
     1.1700    0.4053  284.4971  289.9506  295.1350  299.9528  304.6803  309.0462  313.0743  317.0112  320.2124  323.2258  325.9487  328.2933  330.3947  332.3815  333.9460  335.4675  336.4479  336.8956  337.3999  337.4909  337.5005  337.3421  336.7572  336.0224  334.8838  333.5876  331.8331  329.9479  327.6005  324.9142
     1.4040    0.4053  283.4436  287.3341  291.0533  294.5291  297.8617  301.2109  304.1267  306.9164  309.3743  311.5886  313.5377  315.3072  316.9909  318.4404  319.7983  320.8134  321.7251  322.3432  322.8633  323.2587  323.4703  323.4310  323.1922  322.7989  322.0676  321.1961  320.1034  318.8593  317.2822  315.4112
    -1.2870    0.2026  284.0635  288.8130  293.3057  297.6779  301.8613  305.8459  309.5225  312.8045  315.8314  318.5389  321.0592  323.2299  325.1281  326.9320  328.5846  330.0620  331.0504  331.8539  332.4337  332.6195  332.7201  332.5036  332.1462  331.4358  330.6073  329.5103  328.0999  326.3833  324.4552  322.1399
    -1.0530    0.2026  285.0859  291.2965  297.3058  302.9601  308.5192  313.6813  318.3841  322.7482  326.6552  330.4453  333.6102  336.6601  339.2976  341.5230  343.6091  345.1000  346.2996  346.9555  347.3558  347.4106  347.2538  346.7823  346.0902  345.0429  343.6319  341.9926  340.0244  337.6690  334.8424  331.4937
    -0.8190    0.2026  284.7804  290.6733  296.2244  301.6303  306.7857  311.7378  316.3775  320.4863  324.5576  328.5377  331.9303  335.1878  338.2568  340.8530  343.1349  344.7896  346.1827  346.7319  347.0699  346.9562  346.6673  346.1270  345.3042  344.2379  342.8856  341.1949  339.1944  336.8385  334.1000  330.7400
    -0.5850    0.2026  282.8428  286.0297  289.0499  291.9835  294.9105  297.7634  300.5048  303.2268  305.8738  308.4033  310.9226  313.5225  315.8918  318.0267  319.8391  321.3942  322.5196  323.1645  323.6692  323.9171  323.9890  323.8876  323.5634  323.1698  322.6787  321.8816  320.8706  319.6073  318.1750  316.4516
    -0.3510    0.2026  283.4233  287.3799  291.0820  294.6943  298.4938  302.1034  305.7037  309.2784  312.8514  316.3638  320.0065  323.7351  327.2064  330.3726  332.8358  334.8301  335.9724  336.2892  336.2846  335.6814  334.8897  334.0835  333.1752  331.9097  330.7537  329.3997  327.8014  325.9578  323.8218  321.2855
    -0.1170    0.2026  282.3051  284.6152  286.8548  289.0746  291.3026  293.4754  295.6657  298.0650  300.4310  302.9697  305.7540  308.4248  310.9725  313.4317  315.3594  316.8599  317.6972  318.0721  318.1690  317.9936  317.7196  317.2794  316.9839  316.4585  316.0413  315.3259  314.5862  313.6104  312.4944  311.0780
     0.1170    0.2026  282.3051  284.6153  286.8551  289.0750  291.3032  293.4762  295.6667  298.0664  300.4328  302.9720  305.7568  308.4280  310.9763  313.4362  315.3646  316.8658  317.7040  318.0800  318.1782  318.0042  317.7315  317.2924  316.9978  316.4728  316.0558  315.3401  314.5997  313.6231  312.5056  311.0888
     0.3510    0.2026  283.4233  287.3798  291.0818  294.6939  298.4932  302.1026  305.7027  309.2773  312.8500  316.3623  320.0048  323.7331  327.2041  330.3701  332.8329  334.8268  335.9688  336.2854  336.2808  335.6776  334.8858  334.0796  333.1713  331.9056  330.7494  329.3953  327.7970  325.9533  323.8174  321.2810
     0.5850    0.2026  282.8427  286.0296  289.0497  291.9832  294.9102  297.7634  300.5052  303.2279  305.8756  308.4058  310.9254  313.5259  315.8958  318.0316  319.8450  321.4013  322.5284  323.1752  323.6817  323.9314  324.0047  323.9043  323.5800  323.1872  322.6975  321.9014  320.8910  319.6277  318.1949  316.4705
     0.8190    0.2026  284.7806  290.6740  296.2257  301.6324  306.7884  311.7413  316.3817  320.4911  324.5631  328.5441  331.9378  335.1966  338.2670  340.8648  343.1482  344.8037  346.1983  346.7493  347.0886  346.9779  346.6912  346.1524  345.3305  344.2637  342.9104  341.2184  339.2168  336.8596  334.1199  330.7599
     1.0530    0.2026  285.0859  291.2964  297.3056  302.9597  308.5184  313.6801  318.3826  322.7464  326.6530  330.4428  333.6075  336.6571  339.2944  341.5199  343.6061  345.0972  346.2967  346.9524  347.3534  347.4083  347.2504  346.7778  346.0857  345.0383  343.6274  341.9882  340.0199  337.6644  334.8377  331.4886
     1.2870    0.2026  284.0636  288.8133  293.3061  297.6784  301.8617  305.8460  309.5223  312.8037  315.8301  318.5369  321.0563  323.2261  325.1234  326.9263  328.5777  330.0540  331.0412  331.8439  332.4236  332.6089  332.7088  332.4916  332.1332  331.4215  330.5915  329.4929  328.0810  326.3628  324.4339  322.1183
    -1.4040    0.0000  283.8566  288.5300  292.8350  297.0745  300.9869  304.6789  308.6462  311.7503  314.5793  317.2077  319.5832  321.8441  323.5352  324.9670  326.6905  328.2043  329.2225  330.2037  330.7142  330.7258  330.9717  330.8508  330.4530  329.5999  328.6951  327.6436  326.3079  324.7238  322.8744  320.6377
    -1.1700    0.0000  284.7548  290.5337  296.1869  301.5244  306.4993  311.5056  315.7824  319.9621  323.2302  326.9728  329.7413  332.5012  334.8147  336.8881  338.8970  340.3625  341.5526  342.3720  342.8632  342.9428  342.7506  342.4205  341.6230  340.8028  339.6506  338.0400  336.3171  334.2212  331.7084  328.7043
    -0.9360    0.0000  283.4084  287.3133  291.0927  294.6816  298.0730  301.5541  304.7743  307.7163  310.4813  312.9740  315.6573  317.9664  320.2622  322.0223  323.7821  325.1945  326.4890  327.4596  328.2555  328.8643  328.9113  328.7289  328.6919  328.1657  327.6515  326.9466  325.8507  324.4291  322.8170  320.9623
    -0.7020    0.0000  284.2112  289.3628  294.2356  298.8856  303.7102  307.9946  312.1346  316.1980  319.8019  323.6320  327.2387  330.6870  333.6257  336.3616  338.6756  340.4738  341.8518  342.2999  342.4973  342.4236  342.2502  341.5204  340.7131  339.7303  338.6536  337.1206  335.2782  333.0843  330.4993  327.5927
    -0.4680    0.0000  283.7853  288.0213  292.1981  296.1955  300.1738  304.1831  308.1941  312.0417  315.8281  319.3418  323.0821  327.0973  330.6681  333.5100  336.2352  338.1839  339.5817  339.8081  339.6766  339.0597  338.4564  337.5994  336.5552  335.5589  334.3406  332.8062  331.0164  329.1284  326.7923  324.0628
    -0.2340    0.0000  282.3050  284.6149  286.8543  289.0738  291.3015  293.4738  295.6636  298.0623  300.4276  302.9655  305.7489  308.4191  310.9660  313.4242  315.3508  316.8499  317.6855  318.0583  318.1527  317.9751  317.6992  317.2573  316.9604  316.4341  316.0164  315.3012  314.5621  313.5874  312.4739  311.0584
     0.0000    0.0000  282.8569  285.9384  288.8226  291.7387  294.3625  297.4188  300.6135  302.9716  306.5097  310.1866  313.8652  317.3692  320.7864  324.4891  327.1640  328.9650  329.5431  329.8140  329.0297  328.8453  328.1728  326.7071  326.0125  324.6417  323.6742  322.1660  320.7010  319.1256  317.3815  315.2822
     0.2340    0.0000  282.3051  284.6151  286.8548  289.0745  291.3025  293.4751  295.6653  298.0645  300.4304  302.9689  305.7530  308.4238  310.9714  313.4305  315.3581  316.8583  317.6952  318.0695  318.1659  317.9899  317.7153  317.2747  316.9789  316.4532  316.0358  315.3202  314.5803  313.6043  312.4887  311.0723
     0.4680    0.0000  283.7854  288.0215  292.1985  296.1961  300.1747  304.1843  308.1959  312.0440  315.8310  319.3454  323.0864  327.1022  330.6737  333.5164  336.2426  338.1927  339.5921  339.8198  339.6898  339.0748  338.4732  337.6174  336.5738  335.5779  334.3598  332.8253  331.0352  329.1470  326.8105  324.0810
     0.7020    0.0000  284.2112  289.3627  294.2355  298.8854  303.7099  307.9943  312.1343  316.1979  319.8020  323.6325  327.2397  330.6885  333.6278  336.3645  338.6793  340.4783  341.8567  342.3055  342.5037  342.4306  342.2578  341.5285  340.7219  339.7388  338.6618  337.1288  335.2870  333.0938  330.5092  327.6032
     0.9360    0.0000  283.4084  287.3132  291.0926  294.6815  298.0729  301.5542  304.7745  307.7169  310.4824  312.9757  315.6598  317.9698  320.2666  322.0278  323.7885  325.2018  326.4970  327.4683  328.2650  328.8740  328.9216  328.7402  328.7043  328.1793  327.6662  326.9624  325.8673  324.4461  322.8339  320.9786
     1.1700    0.0000  284.7547  290.5335  296.1866  301.5239  306.4986  311.5047  315.7813  319.9608  323.2288  326.9714  329.7399  332.4998  334.8133  336.8868  338.8957  340.3610  341.5511  342.3702  342.8610  342.9401  342.7476  342.4173  341.6196  340.7995  339.6474  338.0370  336.3143  334.2186  331.7058  328.7016
     1.4040    0.0000  283.8566  288.5299  292.8347  297.0741  300.9865  304.6783  308.6456  311.7496  314.5786  317.2071  319.5826  321.8434  323.5345  324.9662  326.6895  328.2031  329.2209  330.2016  330.7116  330.7231  330.9688  330.8478  330.4501  329.5973  328.6928  327.6419  326.3067  324.7231  322.8740  320.6374
    -1.2870   -0.2026  284.0636  288.8134  293.3064  297.6789  301.8625  305.8471  309.5238  312.8058  315.8326  318.5401  321.0602  323.2309  325.1291  326.9333  328.5862  330.0643  331.0537  331.8582  332.4387  332.6250  332.7262  332.5099  332.1522  331.4410  330.6113  329.5129  328.1013  326.3837  324.4553  322.1402
    -1.0530   -0.2026  285.0859  291.2965  297.3058  302.9601  308.5191  313.6810  318.3837  322.7476  326.6545  330.4445  333.6095  336.6595  339.2971  341.5227  343.6090  345.1000  346.2998  346.9558  347.3559  347.4109  347.2545  346.7836  346.0920  345.0452  343.6348  341.9960  340.0279  337.6728  334.8462  331.4974
    -0.8190   -0.2026  284.7805  290.6737  296.2250  301.6313  306.7869  311.7393  316.3792  320.4882  324.5597  328.5401  331.9331  335.1911  338.2608  340.8579  343.1407  344.7962  346.1905  346.7409  347.0797  346.9674  346.6795  346.1397  345.3172  344.2508  342.8981  341.2067  339.2056  336.8491  334.1103  330.7510
    -0.5850   -0.2026  282.8429  286.0301  289.0507  291.9848  294.9124  297.7663  300.5088  303.2322  305.8808  308.4122  310.9328  313.5348  315.9063  318.0438  319.8591  321.4174  322.5465  323.1955  323.7043  323.9564  324.0321  323.9334  323.6081  323.2139  322.7231  321.9251  320.9126  319.6470  318.2125  316.4872
    -0.3510   -0.2026  283.4233  287.3799  291.0819  294.6941  298.4934  302.1027  305.7026  309.2769  312.8494  316.3613  320.0034  323.7313  327.2018  330.3672  332.8294  334.8228  335.9640  336.2799  336.2750  335.6713  334.8787  334.0716  333.1623  331.8956  330.7385  329.3835  327.7843  325.9403  323.8039  321.2672
    -0.1170   -0.2026  282.3050  284.6150  286.8545  289.0740  291.3017  293.4739  295.6635  298.0619  300.4269  302.9644  305.7474  308.4172  310.9635  313.4213  315.3474  316.8462  317.6817  318.0546  318.1494  317.9717  317.6949  317.2516  316.9532  316.4254  316.0064  315.2900  314.5499  313.5748  312.4621  311.0469
     0.1170   -0.2026  282.3051  284.6152  286.8549  289.0746  291.3025  293.4749  295.6646  298.0632  300.4283  302.9658  305.7490  308.4191  310.9658  313.4240  315.3506  316.8498  317.6856  318.0588  318.1537  317.9765  317.7006  317.2585  316.9613  316.4342  316.0156  315.2991  314.5586  313.5825  312.4684  311.0522
     0.3510   -0.2026  283.4233  287.3796  291.0815  294.6934  298.4925  302.1017  305.7016  309.2758  312.8483  316.3602  320.0023  323.7301  327.2005  330.3659  332.8282  334.8219  335.9635  336.2798  336.2750  335.6715  334.8792  334.0720  333.1623  331.8953  330.7377  329.3825  327.7833  325.9394  323.8031  321.2666
     0.5850   -0.2026  282.8429  286.0301  289.0507  291.9848  294.9125  297.7663  300.5089  303.2323  305.8808  308.4121  310.9325  313.5343  315.9057  318.0430  319.8582  321.4166  322.5459  323.1949  323.7034  323.9551  324.0303  323.9313  323.6059  323.2116  322.7208  321.9231  320.9111  319.6463  318.2126  316.4882
     0.8190   -0.2026  284.7807  290.6742  296.2259  301.6326  306.7886  311.7413  316.3815  320.4906  324.5623  328.5428  331.9360  335.1943  338.2642  340.8615  343.1448  344.8007  346.1954  346.7463  347.0855  346.9742  346.6870  346.1478  345.3255  344.2590  342.9058  341.2135  339.2110  336.8531  334.1131  330.7535
     1.0530   -0.2026  285.0858  291.2963  297.3055  302.9596  308.5184  313.6803  318.3830  322.7469  326.6538  330.4440  333.6089  336.6588  339.2962  341.5218  343.6081  345.0990  346.2985  346.9544  347.3553  347.4105  347.2536  346.7816  346.0891  345.0418  343.6313  341.9926  340.0251  337.6706  334.8447  331.4964
     1.2870   -0.2026  284.0636  288.8133  293.3061  297.6784  301.8618  305.8461  309.5224  312.8039  315.8303  318.5372  321.0566  323.2265  325.1238  326.9271  328.5794  330.0569  331.0454  331.8492  332.4290  332.6137  332.7129  332.4950  332.1360  331.4238  330.5934  329.4945  328.0825  326.3647  324.4360  322.1208
    -1.4040   -0.4053  283.4435  287.3340  291.0531  294.5289  297.8616  301.2108  304.1268  306.9167  309.3749  311.5894  313.5388  315.3086  316.9925  318.4423  319.8005  320.8158  321.7278  322.3461  322.8664  323.2619  323.4739  323.4350  323.1965  322.8039  322.0738  321.2033  320.1116  318.8683  317.2917  315.4210
    -1.1700   -0.4053  284.4970  289.9500  295.1340  299.9514  304.6786  309.0444  313.0726  317.0097  320.2113  323.2254  325.9489  328.2944  330.3968  332.3848  333.9506  335.4739  336.4560  336.9038  337.4088  337.5006  337.5107  337.3531  336.7691  336.0358  334.8991  333.6052  331.8531  329.9700  327.6240  324.9378
    -0.9360   -0.4053  283.2359  286.8726  290.2919  293.6210  296.9198  299.9729  302.8150  305.5361  308.2369  310.6009  312.8067  314.8116  316.6942  318.4549  320.0003  321.3052  322.4968  323.2960  324.0051  324.4531  324.7500  324.7882  324.6848  324.4257  323.8535  323.0601  322.0744  320.8107  319.3530  317.5322
    -0.7020   -0.4053  284.1561  289.2260  294.0825  298.6848  303.3017  307.5526  311.7055  315.4403  318.9083  322.2343  325.4521  328.3053  331.4561  333.8331  335.9747  337.6607  339.0163  339.6257  339.7976  340.0119  339.5749  339.1536  338.4836  337.5880  336.3659  335.0147  333.2016  331.0782  328.7515  325.7532
    -0.4680   -0.4053  282.8428  286.0298  289.0500  291.9835  294.9104  297.7632  300.5045  303.2264  305.8733  308.4028  310.9221  313.5222  315.8917  318.0269  319.8395  321.3946  322.5201  323.1651  323.6700  323.9182  323.9904  323.8893  323.5652  323.1720  322.6812  321.8842  320.8731  319.6093  318.1765  316.4525
    -0.2340   -0.4053  283.7856  288.0220  292.1995  296.1974  300.1762  304.1858  308.1970  312.0446  315.8310  319.3448  323.0853  327.1008  330.6723  333.5147  336.2404  338.1894  339.5871  339.8132  339.6816  339.0646  338.4613  337.6043  336.5597  335.5632  334.3443  332.8090  331.0178  329.1280  326.7902  324.0597
     0.0000   -0.4053  283.4233  287.3798  291.0818  294.6939  298.4932  302.1026  305.7027  309.2772  312.8499  316.3622  320.0048  323.7333  327.2045  330.3708  332.8341  334.8286  335.9713  336.2884  336.2840  335.6810  334.8895  334.0835  333.1751  331.9093  330.7527  329.3979  327.7989  325.9543  323.8173  321.2801
     0.2340   -0.4053  283.7856  288.0222  292.1997  296.1976  300.1763  304.1857  308.1966  312.0436  315.8296  319.3428  323.0825  327.0972  330.6677  333.5091  336.2339  338.1820  339.5794  339.8060  339.6749  339.0580  338.4545  337.5967  336.5512  335.5533  334.3330  332.7962  331.0039  329.1137  326.7757  324.0456
     0.4680   -0.4053  282.8427  286.0296  289.0498  291.9833  294.9103  297.7633  300.5049  303.2272  305.8746  308.4046  310.9241  313.5244  315.8941  318.0297  319.8429  321.3989  322.5254  323.1714  323.6772  323.9262  323.9990  323.8984  323.5738  323.1802  322.6897  321.8931  320.8826  319.6196  318.1873  316.4635
     0.7020   -0.4053  284.1560  289.2256  294.0817  298.6838  303.3006  307.5515  311.7048  315.4401  318.9087  322.2356  325.4544  328.3085  331.4602  333.8381  335.9809  337.6680  339.0247  339.6339  339.8067  340.0217  339.5858  339.1653  338.4961  337.6011  336.3796  335.0292  333.2170  331.0942  328.7679  325.7691
     0.9360   -0.4053  283.2360  286.8729  290.2924  293.6217  296.9207  299.9740  302.8162  305.5375  308.2383  310.6025  312.8085  314.8137  316.6966  318.4576  320.0033  321.3088  322.5009  323.3006  324.0103  324.4589  324.7563  324.7946  324.6911  324.4320  323.8595  323.0655  322.0791  320.8147  319.3565  317.5356
     1.1700   -0.4053  284.4970  289.9500  295.1340  299.9514  304.6787  309.0447  313.0730  317.0101  320.2119  323.2262  325.9499  328.2956  330.3981  332.3861  333.9518  335.4745  336.4559  336.9030  337.4077  337.4995  337.5099  337.3527  336.7698  336.0380  334.9025  333.6091  331.8570  329.9732  327.6266  324.9399
     1.4040   -0.4053  283.4436  287.3343  291.0536  294.5296  297.8622  301.2113  304.1270  306.9165  309.3741  311.5882  313.5370  315.3062  316.9895  318.4386  319.7963  320.8111  321.7226  322.3405  322.8604  323.2555  323.4667  323.4268  323.1878  322.7938  322.0617  321.1892  320.0955  318.8506  317.2729  315.4018
    -1.2870   -0.6079  284.1850  289.0400  293.8328  298.4339  302.7117  306.6370  310.1723  313.7798  316.6626  319.2260  321.6593  323.8977  325.7109  327.3507  328.8482  329.9036  330.9502  331.5360  331.9168  332.1376  332.0989  331.9944  331.6566  330.9534  329.9885  328.8368  327.4077  325.8330  323.8164  321.4351
    -1.0530   -0.6079  284.4018  289.7346  294.7190  299.6876  304.4494  308.6912  312.7905  316.4924  319.6132  322.5565  325.3159  327.6759  329.7331  331.6893  333.2707  334.6463  335.6999  336.1378  336.4270  336.8083  336.6138  336.5221  336.0520  335.4221  334.1419  332.8932  331.1733  329.3006  326.9708  324.2002
    -0.8190   -0.6079  283.2359  286.8725  290.2917  293.6206  296.9193  299.9723  302.8142  305.5352  308.2358  310.5997  312.8051  314.8097  316.6919  318.4521  319.9970  321.3011  322.4916  323.2899  323.9983  324.4456  324.7421  324.7806  324.6774  324.4186  323.8469  323.0543  322.0695  320.8067  319.3496  317.5293
    -0.5850   -0.6079  284.7806  290.6739  296.2255  301.6321  306.7880  311.7406  316.3808  320.4899  324.5614  328.5419  331.9350  335.1932  338.2630  340.8602  343.1432  344.7988  346.1931  346.7435  347.0823  346.9704  346.6825  346.1429  345.3205  344.2542  342.9012  341.2093  339.2075  336.8502  334.1108  330.7509
    -0.3510   -0.6079  284.2110  289.3621  294.2342  298.8835  303.7073  307.9910  312.1303  316.1932  319.7967  323.6265  327.2330  330.6811  333.6196  336.3555  338.6692  340.4674  341.8453  342.2932  342.4902  342.4156  342.2414  341.5111  340.7037  339.7201  338.6432  337.1110  335.2703  333.0784  330.4949  327.5884
    -0.1170   -0.6079  282.8429  286.0301  289.0507  291.9847  294.9122  297.7658  300.5080  303.2310  305.8793  308.4105  310.9311  313.5331  315.9046  318.0422  319.8574  321.4156  322.5444  323.1931  323.7017  323.9535  324.0287  323.9296  323.6042  323.2100  322.7189  321.9210  320.9087  319.6434  318.2093  316.4842
     0.1170   -0.6079  282.8427  286.0297  289.0498  291.9833  294.9103  297.7633  300.5050  303.2273  305.8748  308.4049  310.9246  313.5252  315.8953  318.0312  319.8450  321.4018  322.5293  323.1765  323.6832  323.9330  324.0067  323.9067  323.5823  323.1893  322.6993  321.9028  320.8920  319.6284  318.1953  316.4706
     0.3510   -0.6079  284.2112  289.3628  294.2357  298.8857  303.7104  307.9948  312.1349  316.1984  319.8024  323.6327  327.2398  330.6886  333.6278  336.3643  338.6788  340.4774  341.8554  342.3036  342.5014  342.4281  342.2553  341.5261  340.7196  339.7369  338.6603  337.1275  335.2855  333.0920  330.5070  327.6004
     0.5850   -0.6079  284.7804  290.6733  296.2244  301.6304  306.7858  311.7380  316.3778  320.4867  324.5582  328.5385  331.9316  335.1896  338.2592  340.8561  343.1387  344.7938  346.1876  346.7374  347.0760  346.9632  346.6748  346.1348  345.3124  344.2463  342.8944  341.2041  339.2041  336.8483  334.1098  330.7499
     0.8190   -0.6079  283.2361  286.8732  290.2929  293.6224  296.9217  299.9750  302.8172  305.5382  308.2388  310.6028  312.8084  314.8130  316.6954  318.4558  320.0008  321.3051  322.4962  323.2951  324.0045  324.4528  324.7500  324.7884  324.6849  324.4251  323.8515  323.0562  322.0684  320.8030  319.3442  317.5236
     1.0530   -0.6079  284.4016  289.7339  294.7176  299.6856  304.4468  308.6882  312.7871  316.4889  319.6097  322.5530  325.3124  327.6725  329.7298  331.6860  333.2674  334.6429  335.6963  336.1336  336.4222  336.8028  336.6078  336.5159  336.0460  335.4169  334.1381  332.8911  331.1734  329.3026  326.9742  324.2038
     1.2870   -0.6079  284.1849  289.0397  293.8322  298.4331  302.7107  306.6360  310.1712  313.7786  316.6613  319.2247  321.6579  323.8961  325.7089  327.3483  328.8453  329.9000  330.9458  331.5307  331.9110  332.1314  332.0923  331.9874  331.6495  330.9462  329.9814  328.8301  327.4014  325.8272  323.8109  321.4296
    -1.1700   -0.8106  284.1850  289.0401  293.8330  298.4343  302.7121  306.6375  310.1728  313.7803  316.6631  319.2265  321.6598  323.8983  325.7115  327.3513  328.8490  329.9045  330.9512  331.5372  331.9182  332.1393  332.1008  331.9965  331.6587  330.9553  329.9899  328.8377  327.4080  325.8329  323.8159  321.4344
    -0.9360   -0.8106  284.4970  289.9500  295.1341  299.9515  304.6789  309.0450  313.0736  317.0110  320.2132  323.2278  325.9518  328.2977  330.4005  332.3889  333.9550  335.4786  336.4611  336.9094  337.4154  337.5082  337.5191  337.3619  336.7783  336.0453  334.9090  333.6155  331.8637  329.9811  327.6356  324.9500
    -0.7020   -0.8106  285.0857  291.2961  297.3051  302.9591  308.5179  313.6797  318.3823  322.7462  326.6531  330.4430  333.6079  336.6576  339.2950  341.5203  343.6063  345.0971  346.2965  346.9521  347.3535  347.4084  347.2505  346.7781  346.0863  345.0397  343.6299  341.9920  340.0252  337.6712  334.8457  331.4974
    -0.4680   -0.8106  283.4085  287.3135  291.0931  294.6822  298.0737  301.5550  304.7752  307.7172  310.4822  312.9751  315.6587  317.9683  320.2646  322.0253  323.7857  325.1987  326.4939  327.4651  328.2617  328.8707  328.9181  328.7359  328.6989  328.1725  327.6577  326.9522  325.8555  324.4332  322.8208  320.9663
    -0.2340   -0.8106  284.7807  290.6741  296.2259  301.6326  306.7885  311.7412  316.3814  320.4904  324.5620  328.5424  331.9355  335.1937  338.2635  340.8606  343.1436  344.7991  346.1934  346.7438  347.0828  346.9712  346.6838  346.1446  345.3226  344.2564  342.9035  341.2118  339.2098  336.8521  334.1121  330.7516
     0.0000   -0.8106  284.1560  289.2257  294.0819  298.6841  303.3007  307.5515  311.7044  315.4394  318.9076  322.2340  325.4523  328.3060  331.4574  333.8352  335.9776  337.6646  339.0212  339.6305  339.8029  340.0175  339.5810  339.1600  338.4903  337.5949  336.3730  335.0223  333.2098  331.0871  328.7609  325.7631
     0.2340   -0.8106  284.7804  290.6733  296.2245  301.6305  306.7859  311.7381  316.3780  320.4870  324.5585  328.5391  331.9323  335.1905  338.2602  340.8574  343.1404  344.7957  346.1898  346.7401  347.0790  346.9667  346.6785  346.1388  345.3166  344.2507  342.8990  341.2088  339.2089  336.8533  334.1150  330.7552
     0.4680   -0.8106  283.4085  287.3135  291.0932  294.6824  298.0740  301.5554  304.7759  307.7182  310.4835  312.9767  315.6607  317.9705  320.2671  322.0280  323.7886  325.2017  326.4971  327.4686  328.2656  328.8749  328.9224  328.7405  328.7038  328.1775  327.6630  326.9577  325.8612  324.4391  322.8269  320.9727
     0.7020   -0.8106  285.0858  291.2961  297.3052  302.9592  308.5181  313.6800  318.3828  322.7468  326.6540  330.4444  333.6096  336.6598  339.2975  341.5232  343.6094  345.1001  346.2997  346.9557  347.3566  347.4117  347.2557  346.7853  346.0943  345.0485  343.6392  342.0018  340.0352  337.6812  334.8553  331.5063
     0.9360   -0.8106  284.4970  289.9500  295.1340  299.9514  304.6787  309.0447  313.0731  317.0103  320.2122  323.2265  325.9501  328.2956  330.3978  332.3855  333.9508  335.4733  336.4545  336.9020  337.4069  337.4987  337.5088  337.3510  336.7669  336.0336  334.8969  333.6032  331.8516  329.9693  327.6242  324.9387
     1.1700   -0.8106  284.1850  289.0402  293.8332  298.4345  302.7124  306.6378  310.1731  313.7805  316.6632  319.2264  321.6594  323.8975  325.7103  327.3497  328.8469  329.9019  330.9482  331.5337  331.9146  332.1353  332.0964  331.9914  331.6530  330.9488  329.9827  328.8298  327.3996  325.8245  323.8077  321.4264
    -1.0530   -1.0132  283.4436  287.3342  291.0534  294.5293  297.8619  301.2110  304.1266  306.9162  309.3738  311.5878  313.5366  315.3056  316.9889  318.4380  319.7955  320.8102  321.7217  322.3395  322.8593  323.2543  323.4655  323.4257  323.1868  322.7932  322.0616  321.1897  320.0966  318.8523  317.2750  315.4042
    -0.8190   -1.0132  284.0635  288.8130  293.3057  297.6779  301.8613  305.8458  309.5225  312.8045  315.8314  318.5390  321.0592  323.2299  325.1281  326.9321  328.5849  330.0629  331.0520  331.8564  332.4365  332.6222  332.7227  332.5060  332.1482  331.4373  330.6083  329.5107  328.1000  326.3832  324.4552  322.1403
    -0.5850   -1.0132  284.7547  290.5335  296.1866  301.5241  306.4990  311.5054  315.7824  319.9623  323.2307  326.9737  329.7426  332.5030  334.8169  336.8909  338.9002  340.3659  341.5558  342.3753  342.8668  342.9469  342.7554  342.4261  341.6294  340.8101  339.6589  338.0491  336.3270  334.2318  331.7194  328.7157
    -0.3510   -1.0132  285.0857  291.2960  297.3049  302.9587  308.5172  313.6787  318.3811  322.7447  326.6512  330.4408  333.6052  336.6545  339.2913  341.5158  343.6010  345.0911  346.2893  346.9442  347.3476  347.4031  347.2433  346.7695  346.0783  345.0322  343.6227  341.9855  340.0191  337.6649  334.8389  331.4897
    -0.1170   -1.0132  283.2359  286.8725  290.2916  293.6205  296.9190  299.9718  302.8134  305.5341  308.2343  310.5979  312.8031  314.8073  316.6892  318.4491  319.9938  321.2978  322.4884  323.2864  323.9946  324.4417  324.7380  324.7765  324.6731  324.4138  323.8416  323.0484  322.0630  320.7997  319.3422  317.5216
     0.1170   -1.0132  283.2361  286.8732  290.2929  293.6224  296.9216  299.9749  302.8169  305.5378  308.2383  310.6022  312.8077  314.8124  316.6948  318.4553  320.0007  321.3057  322.4975  323.2969  324.0064  324.4546  324.7516  324.7897  324.6858  324.4258  323.8521  323.0569  322.0694  320.8045  319.3460  317.5256
     0.3510   -1.0132  285.0858  291.2962  297.3053  302.9594  308.5183  313.6802  318.3830  322.7472  326.6544  330.4450  333.6106  336.6613  339.2997  341.5261  343.6130  345.1039  346.3040  346.9606  347.3603  347.4153  347.2606  346.7916  346.1011  345.0556  343.6465  342.0089  340.0421  337.6876  334.8613  331.5122
     0.5850   -1.0132  284.7547  290.5336  296.1868  301.5243  306.4991  311.5055  315.7823  319.9620  323.2302  326.9730  329.7417  332.5019  334.8157  336.8894  338.8984  340.3636  341.5536  342.3730  342.8645  342.9448  342.7535  342.4244  341.6276  340.8082  339.6567  338.0467  336.3243  334.2288  331.7161  328.7124
     0.8190   -1.0132  284.0635  288.8129  293.3054  297.6775  301.8607  305.8451  309.5216  312.8033  315.8300  318.5373  321.0572  323.2274  325.1251  326.9283  328.5801  330.0566  331.0442  331.8471  332.4268  332.6124  332.7129  332.4962  332.1396  331.4301  330.6025  329.5059  328.0959  326.3790  324.4507  322.1350
     1.0530   -1.0132  283.4436  287.3342  291.0534  294.5293  297.8619  301.2110  304.1267  306.9162  309.3739  311.5880  313.5368  315.3059  316.9892  318.4383  319.7959  320.8106  321.7221  322.3399  322.8596  323.2546  323.4657  323.4257  323.1867  322.7931  322.0614  321.1893  320.0963  318.8519  317.2746  315.4037
    -0.7020   -1.2159  283.8567  288.5301  292.8352  297.0747  300.9872  304.6791  308.6464  311.7503  314.5793  317.2075  319.5828  321.8434  323.5343  324.9658  326.6890  328.2026  329.2205  330.2015  330.7118  330.7234  330.9690  330.8478  330.4497  329.5963  328.6910  327.6393  326.3033  324.7192  322.8698  320.6333
    -0.4680   -1.2159  284.0635  288.8130  293.3057  297.6779  301.8612  305.8457  309.5223  312.8043  315.8311  318.5387  321.0588  323.2295  325.1277  326.9317  328.5844  330.0622  331.0512  331.8555  332.4356  332.6213  332.7218  332.5050  332.1471  331.4360  330.6068  329.5092  328.0983  326.3813  324.4532  322.1381
    -0.2340   -1.2159  284.4970  289.9503  295.1345  299.9522  304.6796  309.0456  313.0739  317.0109  320.2125  323.2265  325.9501  328.2956  330.3978  332.3855  333.9509  335.4734  336.4546  336.9022  337.4067  337.4985  337.5095  337.3530  336.7701  336.0369  334.8996  333.6049  331.8520  329.9683  327.6221  324.9362
     0.0000   -1.2159  284.4018  289.7345  294.7187  299.6872  304.4489  308.6907  312.7899  316.4919  319.6128  322.5563  325.3159  327.6763  329.7340  331.6907  333.2726  334.6487  335.7027  336.1406  336.4299  336.8114  336.6170  336.5256  336.0560  335.4266  334.1470  332.8988  331.1796  329.3073  326.9777  324.2068
     0.2340   -1.2159  284.4969  289.9498  295.1336  299.9507  304.6776  309.0433  313.0714  317.0085  320.2103  323.2246  325.9483  328.2939  330.3963  332.3844  333.9502  335.4731  336.4549  336.9025  337.4075  337.4996  337.5100  337.3527  336.7691  336.0363  334.9003  333.6071  331.8557  329.9734  327.6279  324.9420
     0.4680   -1.2159  284.0637  288.8135  293.3064  297.6788  301.8623  305.8466  309.5230  312.8045  315.8309  318.5379  321.0574  323.2274  325.1249  326.9282  328.5803  330.0574  331.0458  331.8496  332.4301  332.6161  332.7166  332.4996  332.1412  331.4293  330.5988  329.4996  328.0871  326.3686  324.4393  322.1239
     0.7020   -1.2159  283.8566  288.5300  292.8350  297.0745  300.9869  304.6788  308.6462  311.7502  314.5792  317.2077  319.5833  321.8442  323.5354  324.9673  326.6907  328.2046  329.2226  330.2038  330.7143  330.7261  330.9721  330.8514  330.4538  329.6009  328.6961  327.6448  326.3092  324.7252  322.8759  320.6390
    -0.3510   -1.4185  283.4437  287.3343  291.0537  294.5296  297.8622  301.2114  304.1269  306.9164  309.3739  311.5879  313.5367  315.3057  316.9890  318.4380  319.7956  320.8103  321.7217  322.3395  322.8593  323.2544  323.4657  323.4259  323.1871  322.7935  322.0616  321.1892  320.0957  318.8507  317.2730  315.4019
    -0.1170   -1.4185  284.1849  289.0397  293.8322  298.4332  302.7108  306.6360  310.1713  313.7788  316.6617  319.2252  321.6587  323.8972  325.7104  327.3502  328.8477  329.9031  330.9495  331.5352  331.9159  332.1367  332.0981  331.9937  331.6561  330.9531  329.9884  328.8372  327.4086  325.8344  323.8180  321.4368
     0.1170   -1.4185  284.1850  289.0400  293.8327  298.4338  302.7114  306.6366  310.1717  313.7790  316.6615  319.2247  321.6577  323.8958  325.7086  327.3481  328.8453  329.9002  330.9462  331.5315  331.9120  332.1323  332.0931  331.9881  331.6499  330.9463  329.9810  328.8290  327.3997  325.8249  323.8082  321.4269
     0.3510   -1.4185  283.4437  287.3343  291.0536  294.5295  297.8621  301.2111  304.1265  306.9159  309.3733  311.5872  313.5359  315.3049  316.9881  318.4372  319.7948  320.8097  321.7212  322.3392  322.8591  323.2542  323.4653  323.4253  323.1862  322.7923  322.0601  321.1874  320.0935  318.8483  317.2704  315.3992
