    -0.3510    1.4185  280.9263  281.3732  282.0503  282.9262  283.9798  285.2018  286.5531  288.0177  289.5645  291.0926  292.6328  294.2032  295.7972  297.3972  298.9973  300.5733  302.1198  303.6159  305.0569  306.4346  307.7392  308.9532  310.0413  310.9647  311.7670  312.4641  313.0475  313.5131  313.8463  314.0365
    -0.1170    1.4185  280.9770  281.5368  282.3915  283.5090  284.8517  286.3820  288.0630  289.8902  291.6837  293.5338  295.4384  297.3818  299.3334  301.2805  303.2148  305.1042  306.9521  308.7209  310.3473  311.7753  313.1108  314.3616  315.5174  316.5566  317.4679  318.2445  318.8755  319.3592  319.6754  319.8048
     0.1170    1.4185  280.9770  281.5368  282.3917  283.5093  284.8520  286.3821  288.0628  289.8896  291.6827  293.5324  295.4368  297.3800  299.3317  301.2790  303.2136  305.1035  306.9520  308.7215  310.3484  311.7767  313.1122  314.3627  315.5175  316.5551  317.4642  318.2384  318.8668  319.3481  319.6623  319.7905
     0.3510    1.4185  280.9263  281.3732  282.0502  282.9261  283.9797  285.2019  286.5535  288.0184  289.5655  291.0938  292.6343  294.2050  295.7990  297.3991  298.9992  300.5750  302.1213  303.6173  305.0581  306.4357  307.7404  308.9547  310.0434  310.9676  311.7708  312.4689  313.0534  313.5199  313.8538  314.0443
    -0.7020    1.2159  280.9547  281.4817  282.2731  283.3078  284.5489  285.9694  287.5796  289.3068  291.0492  292.8171  294.6420  296.5136  298.3913  300.2560  302.1302  303.9985  305.8249  307.6086  309.3097  310.8050  312.1574  313.4240  314.5917  315.6328  316.5511  317.3423  317.9947  318.4984  318.8456  319.0179
    -0.4680    1.2159  280.9690  281.5149  282.3375  283.4109  284.7081  286.2023  287.8619  289.6483  291.4337  293.2722  295.1745  297.1138  299.0701  301.0358  303.0004  304.9505  306.8510  308.6854  310.3866  311.8781  313.2866  314.6011  315.8172  316.9128  317.8867  318.7253  319.4153  319.9426  320.3039  320.4804
    -0.2340    1.2159  280.9980  281.6174  282.5527  283.7583  285.2122  286.8746  288.7108  290.6569  292.6096  294.6461  296.7437  298.8738  301.0189  303.1707  305.2996  307.4036  309.4330  311.2229  312.8842  314.4556  315.9364  317.3189  318.5786  319.7107  320.6942  321.5269  322.1857  322.6723  322.9669  323.0490
     0.0000    1.2159  280.9914  281.5962  282.5044  283.6948  285.1364  286.7779  288.5988  290.5233  292.4421  294.4417  296.5067  298.6068  300.7203  302.8398  304.9393  307.0051  309.0093  310.8161  312.4337  313.9842  315.4309  316.7857  318.0266  319.1489  320.1131  320.9308  321.5781  322.0551  322.3433  322.4140
     0.2340    1.2159  280.9980  281.6173  282.5526  283.7581  285.2118  286.8741  288.7102  290.6562  292.6088  294.6452  296.7428  298.8727  301.0177  303.1694  305.2980  307.4016  309.4307  311.2202  312.8810  314.4520  315.9327  317.3156  318.5760  319.7092  320.6942  321.5283  322.1882  322.6755  322.9707  323.0523
     0.4680    1.2159  280.9690  281.5149  282.3376  283.4111  284.7080  286.2018  287.8608  289.6464  291.4312  293.2689  295.1704  297.1088  299.0645  301.0297  302.9942  304.9445  306.8456  308.6809  310.3831  311.8751  313.2835  314.5964  315.8096  316.9017  317.8717  318.7065  319.3932  319.9178  320.2775  320.4535
     0.7020    1.2159  280.9547  281.4817  282.2730  283.3076  284.5488  285.9696  287.5801  289.3078  291.0506  292.8189  294.6442  296.5161  298.3939  300.2587  302.1328  304.0010  305.8271  307.6106  309.3113  310.8065  312.1588  313.4256  314.5940  315.6363  316.5562  317.3493  318.0038  318.5094  318.8582  319.0312
    -1.0530    1.0132  280.9263  281.3732  282.0503  282.9262  283.9799  285.2019  286.5533  288.0179  289.5648  291.0930  292.6334  294.2040  295.7981  297.3982  298.9986  300.5746  302.1212  303.6175  305.0586  306.4364  307.7412  308.9556  310.0439  310.9675  311.7700  312.4672  313.0507  313.5161  313.8492  314.0392
    -0.8190    1.0132  280.9690  281.5149  282.3375  283.4109  284.7080  286.2022  287.8618  289.6483  291.4338  293.2723  295.1747  297.1140  299.0704  301.0362  303.0009  304.9513  306.8524  308.6873  310.3886  311.8805  313.2896  314.6038  315.8192  316.9142  317.8874  318.7254  319.4149  319.9420  320.3034  320.4801
    -0.5850    1.0132  281.0158  281.6744  282.6789  283.9850  285.5502  287.3619  289.3556  291.4126  293.5193  295.7513  298.0370  300.3744  302.7310  305.0887  307.4451  309.7400  311.7751  313.7211  315.5916  317.3589  319.0085  320.5361  321.9146  323.1493  324.2263  325.1190  325.8330  326.3515  326.6606  326.7250
    -0.3510    1.0132  281.0380  281.7457  282.8187  284.2085  285.8897  287.8178  289.9439  292.0926  294.3636  296.7513  299.2085  301.7251  304.2711  306.8162  309.3364  311.6168  313.7781  315.8595  317.8519  319.7316  321.4825  323.0891  324.5460  325.8340  326.9376  327.8499  328.5613  329.0563  329.3202  329.3083
    -0.1170    1.0132  280.9131  281.3328  281.9680  282.7997  283.8157  284.9887  286.2965  287.7224  289.2573  290.8127  292.3823  294.0042  295.6682  297.3637  299.0745  300.7815  302.4758  304.1269  305.7288  307.2636  308.7215  310.0553  311.2063  312.2552  313.2051  314.0441  314.7657  315.3556  315.8091  316.1156
     0.1170    1.0132  280.9131  281.3328  281.9677  282.7992  283.8150  284.9879  286.2957  287.7216  289.2561  290.8111  292.3797  294.0005  295.6630  297.3566  299.0652  300.7697  302.4614  304.1096  305.7094  307.2424  308.6992  310.0349  311.1876  312.2382  313.1905  314.0327  314.7579  315.3514  315.8079  316.1163
     0.3510    1.0132  281.0380  281.7458  282.8189  284.2088  285.8901  287.8185  289.9448  292.0938  294.3652  296.7534  299.2113  301.7286  304.2755  306.8216  309.3427  311.6232  313.7853  315.8678  317.8613  319.7421  321.4939  323.1013  324.5586  325.8468  326.9501  327.8617  328.5721  329.0654  329.3280  329.3153
     0.5850    1.0132  281.0158  281.6744  282.6788  283.9849  285.5500  287.3615  289.3550  291.4118  293.5181  295.7496  298.0349  300.3717  302.7276  305.0844  307.4399  309.7338  311.7687  313.7142  315.5842  317.3511  319.0003  320.5280  321.9072  323.1426  324.2200  325.1129  325.8267  326.3444  326.6529  326.7167
     0.8190    1.0132  280.9690  281.5149  282.3376  283.4111  284.7080  286.2017  287.8607  289.6462  291.4310  293.2686  295.1700  297.1083  299.0638  301.0289  302.9932  304.9432  306.8439  308.6789  310.3809  311.8728  313.2809  314.5936  315.8069  316.8992  317.8697  318.7056  319.3930  319.9179  320.2776  320.4532
     1.0530    1.0132  280.9263  281.3732  282.0503  282.9262  283.9798  285.2018  286.5531  288.0177  289.5646  291.0927  292.6330  294.2036  295.7976  297.3978  298.9982  300.5745  302.1213  303.6178  305.0593  306.4372  307.7419  308.9557  310.0433  310.9660  311.7677  312.4641  313.0471  313.5123  313.8452  314.0351
    -1.1700    0.8106  280.9770  281.5368  282.3915  283.5090  284.8517  286.3820  288.0630  289.8903  291.6838  293.5340  295.4387  297.3820  299.3337  301.2809  303.2153  305.1049  306.9529  308.7219  310.3486  311.7769  313.1125  314.3634  315.5192  316.5585  317.4699  318.2467  318.8778  319.3618  319.6782  319.8079
    -0.9360    0.8106  280.9980  281.6174  282.5530  283.7589  285.2131  286.8760  288.7128  290.6594  292.6130  294.6508  296.7500  298.8819  301.0292  303.1836  305.3153  307.4227  309.4555  311.2454  312.9095  314.4836  315.9669  317.3515  318.6126  319.7453  320.7287  321.5600  322.2166  322.7006  322.9926  323.0722
    -0.7020    0.8106  281.0380  281.7457  282.8188  284.2086  285.8899  287.8184  289.9448  292.0939  294.3655  296.7537  299.2115  301.7285  304.2750  306.8204  309.3408  311.6208  313.7822  315.8642  317.8574  319.7383  321.4903  323.0981  324.5564  325.8461  326.9512  327.8649  328.5775  329.0728  329.3365  329.3240
    -0.4680    0.8106  280.9254  281.3762  282.0663  282.9691  284.0600  285.3354  286.7680  288.3280  289.9891  291.6272  293.3552  295.1498  297.0078  298.8888  300.7924  302.6904  304.5714  306.4098  308.1933  309.8877  311.3491  312.6937  313.9628  315.1234  316.1813  317.1266  317.9382  318.5982  319.1021  319.4500
    -0.2340    0.8106  281.0168  281.6825  282.6842  283.9895  285.5631  287.3751  289.3904  291.4555  293.6227  295.9240  298.3138  300.7795  303.3067  305.8594  308.4090  310.8109  313.0043  315.1095  317.1172  318.9987  320.7478  322.3516  323.7979  325.0761  326.1767  327.0845  327.7912  328.2826  328.5512  328.5444
     0.0000    0.8106  280.9742  281.5443  282.4101  283.5344  284.9025  286.4743  288.2323  290.1227  292.0134  294.0078  296.0977  298.2532  300.4940  302.7617  305.0400  307.2950  309.4900  311.4242  313.2049  314.8998  316.4677  317.9142  319.2292  320.4008  321.4150  322.2716  322.9487  323.4341  323.7310  323.7916
     0.2340    0.8106  281.0168  281.6825  282.6842  283.9894  285.5630  287.3749  289.3901  291.4552  293.6221  295.9232  298.3129  300.7784  303.3053  305.8577  308.4069  310.8086  313.0015  315.1062  317.1135  318.9946  320.7438  322.3480  323.7949  325.0737  326.1750  327.0837  327.7908  328.2824  328.5509  328.5441
     0.4680    0.8106  280.9254  281.3762  282.0663  282.9690  284.0600  285.3355  286.7683  288.3285  289.9897  291.6281  293.3563  295.1511  297.0092  298.8902  300.7936  302.6913  304.5722  306.4105  308.1938  309.8881  311.3497  312.6946  313.9642  315.1255  316.1845  317.1308  317.9434  318.6044  319.1089  319.4571
     0.7020    0.8106  281.0380  281.7457  282.8186  284.2083  285.8896  287.8181  289.9448  292.0939  294.3655  296.7537  299.2112  301.7277  304.2734  306.8177  309.3365  311.6155  313.7754  315.8559  317.8481  319.7287  321.4807  323.0890  324.5484  325.8397  326.9468  327.8627  328.5776  329.0753  329.3416  329.3312
     0.9360    0.8106  280.9980  281.6174  282.5529  283.7587  285.2128  286.8755  288.7121  290.6585  292.6118  294.6490  296.7476  298.8787  301.0250  303.1779  305.3078  307.4124  309.4422  311.2312  312.8933  314.4659  315.9481  317.3322  318.5936  319.7273  320.7122  321.5452  322.2036  322.6890  322.9824  323.0627
     1.1700    0.8106  280.9770  281.5368  282.3917  283.5093  284.8520  286.3822  288.0630  289.8900  291.6833  293.5333  295.4379  297.3814  299.3334  301.2812  303.2161  305.1063  306.9548  308.7243  310.3510  311.7787  313.1141  314.3647  315.5198  316.5582  317.4683  318.2435  318.8729  319.3550  319.6698  319.7980
    -1.2870    0.6079  280.9770  281.5368  282.3917  283.5094  284.8523  286.3825  288.0634  289.8903  291.6837  293.5336  295.4383  297.3817  299.3333  301.2806  303.2153  305.1051  306.9536  308.7232  310.3502  311.7794  313.1158  314.3674  315.5233  316.5619  317.4719  318.2466  318.8753  319.3568  319.6708  319.7986
    -1.0530    0.6079  280.9914  281.5962  282.5043  283.6946  285.1360  286.7775  288.5984  290.5227  292.4414  294.4409  296.5057  298.6055  300.7186  302.8376  304.9363  307.0014  309.0048  310.8115  312.4285  313.9782  315.4246  316.7794  318.0205  319.1432  320.1078  320.9261  321.5741  322.0519  322.3407  322.4120
    -0.8190    0.6079  280.9131  281.3327  281.9676  282.7991  283.8148  284.9878  286.2956  287.7216  289.2562  290.8112  292.3799  294.0003  295.6620  297.3547  299.0626  300.7667  302.4586  304.1086  305.7098  307.2439  308.7010  310.0364  311.1886  312.2386  313.1908  314.0335  314.7597  315.3544  315.8122  316.1220
    -0.5850    0.6079  281.0168  281.6825  282.6842  283.9895  285.5631  287.3749  289.3901  291.4551  293.6220  295.9231  298.3129  300.7785  303.3056  305.8583  308.4077  310.8096  313.0028  315.1079  317.1157  318.9972  320.7463  322.3503  323.7969  325.0753  326.1763  327.0847  327.7920  328.2845  328.5534  328.5472
    -0.3510    0.6079  280.9781  281.5577  282.4338  283.5716  284.9672  286.5678  288.3527  290.2843  292.2249  294.3041  296.5008  298.7992  301.1609  303.5690  305.9934  308.3893  310.6484  312.6412  314.5363  316.3174  317.9845  319.5016  320.8712  322.0859  323.1498  324.0377  324.7397  325.2421  325.5322  325.5882
    -0.1170    0.6079  280.8857  281.2480  281.8007  282.5267  283.4164  284.4554  285.6288  286.9276  288.3390  289.8468  291.3494  292.9358  294.5983  296.3174  298.0688  299.8324  301.5772  303.2666  304.8915  306.4343  307.8860  309.2321  310.4107  311.4233  312.3389  313.1463  313.8373  314.3993  314.8287  315.1191
     0.1170    0.6079  280.8857  281.2480  281.8010  282.5272  283.4173  284.4570  285.6312  286.9311  288.3437  289.8529  291.3566  292.9446  294.6089  296.3301  298.0837  299.8499  301.5973  303.2896  304.9174  306.4630  307.9172  309.2654  310.4428  311.4550  312.3710  313.1779  313.8680  314.4283  314.8558  315.1440
     0.3510    0.6079  280.9781  281.5577  282.4340  283.5720  284.9680  286.5692  288.3548  290.2873  292.2290  294.3094  296.5074  298.8073  301.1706  303.5805  306.0068  308.4047  310.6642  312.6587  314.5553  316.3380  318.0065  319.5250  320.8959  322.1118  323.1765  324.0648  324.7667  325.2681  325.5573  325.6124
     0.5850    0.6079  281.0168  281.6826  282.6844  283.9899  285.5637  287.3758  289.3912  291.4565  293.6238  295.9255  298.3160  300.7827  303.3109  305.8650  308.4158  310.8179  313.0121  315.1178  317.1264  319.0086  320.7586  322.3634  323.8102  325.0884  326.1887  327.0955  327.8007  328.2903  328.5572  328.5489
     0.8190    0.6079  280.9131  281.3328  281.9677  282.7994  283.8154  284.9888  286.2971  287.7237  289.2591  290.8148  292.3843  294.0059  295.6691  297.3636  299.0730  300.7786  302.4713  304.1215  305.7228  307.2574  308.7150  310.0492  311.2001  312.2496  313.2016  314.0443  314.7704  315.3653  315.8230  316.1325
     1.0530    0.6079  280.9914  281.5961  282.5041  283.6941  285.1351  286.7761  288.5964  290.5203  292.4382  294.4365  296.4999  298.5980  300.7092  302.8260  304.9228  306.9857  308.9871  310.7943  312.4098  313.9584  315.4036  316.7573  317.9977  319.1202  320.0854  320.9049  321.5546  322.0345  322.3254  322.3987
     1.2870    0.6079  280.9770  281.5368  282.3916  283.5092  284.8520  286.3823  288.0634  289.8907  291.6844  293.5346  295.4395  297.3832  299.3353  301.2829  303.2177  305.1078  306.9563  308.7257  310.3524  311.7808  313.1166  314.3677  315.5235  316.5627  317.4738  318.2502  318.8808  319.3642  319.6801  319.8093
    -1.4040    0.4053  280.9263  281.3732  282.0502  282.9261  283.9799  285.2023  286.5543  288.0196  289.5672  291.0959  292.6370  294.2082  295.8029  297.4035  299.0042  300.5806  302.1275  303.6239  305.0652  306.4433  307.7486  308.9637  310.0525  310.9774  311.7817  312.4808  313.0664  313.5340  313.8686  314.0595
    -1.1700    0.4053  280.9980  281.6174  282.5528  283.7585  285.2125  286.8749  288.7113  290.6575  292.6104  294.6474  296.7459  298.8772  301.0236  303.1768  305.3072  307.4129  309.4442  311.2339  312.8961  314.4680  315.9496  317.3331  318.5936  319.7261  320.7095  321.5410  322.1982  322.6824  322.9749  323.0549
    -0.9360    0.4053  280.9131  281.3327  281.9676  282.7989  283.8144  284.9867  286.2937  287.7185  289.2519  290.8059  292.3731  293.9923  295.6533  297.3453  299.0523  300.7550  302.4447  304.0914  305.6893  307.2206  308.6761  310.0121  311.1645  312.2143  313.1660  314.0080  314.7333  315.3273  315.7845  316.0938
    -0.7020    0.4053  280.9742  281.5443  282.4101  283.5343  284.9022  286.4738  288.2314  290.1213  292.0113  294.0049  296.0939  298.2485  300.4886  302.7553  305.0326  307.2864  309.4803  311.4147  313.1948  314.8891  316.4566  317.9034  319.2176  320.3891  321.4030  322.2595  322.9365  323.4221  323.7188  323.7787
    -0.4680    0.4053  280.8857  281.2480  281.8010  282.5273  283.4174  284.4571  285.6313  286.9311  288.3436  289.8529  291.3568  292.9451  294.6099  296.3314  298.0854  299.8520  301.5997  303.2921  304.9202  306.4659  307.9204  309.2688  310.4465  311.4588  312.3749  313.1817  313.8713  314.4308  314.8575  315.1447
    -0.2340    0.4053  280.9483  281.4365  282.1788  283.1454  284.3214  285.6956  287.2571  288.9831  290.8029  292.6735  294.6794  296.8335  299.0992  301.4208  303.7896  306.1482  308.4544  310.5526  312.3638  314.0282  315.5559  316.9344  318.1581  319.2369  320.1652  320.9284  321.5197  321.9430  322.1812  322.2070
     0.0000    0.4053  280.9235  281.3690  282.0386  282.9109  283.9861  285.2379  286.6561  288.2290  289.9438  291.6775  293.5397  295.5373  297.6469  299.8425  302.0724  304.3026  306.4741  308.5246  310.3817  311.9505  313.3700  314.6523  315.7989  316.7900  317.6434  318.3527  318.9110  319.3098  319.5421  319.5808
     0.2340    0.4053  280.9483  281.4365  282.1787  283.1454  284.3213  285.6955  287.2570  288.9830  290.8027  292.6731  294.6788  296.8322  299.0974  301.4182  303.7862  306.1440  308.4500  310.5482  312.3593  314.0235  315.5516  316.9306  318.1544  319.2331  320.1612  320.9242  321.5152  321.9394  322.1781  322.2040
     0.4680    0.4053  280.8857  281.2481  281.8011  282.5274  283.4177  284.4574  285.6318  286.9317  288.3445  289.8540  291.3580  292.9464  294.6114  296.3332  298.0875  299.8543  301.6025  303.2953  304.9234  306.4695  307.9245  309.2731  310.4502  311.4621  312.3780  313.1845  313.8739  314.4332  314.8599  315.1473
     0.7020    0.4053  280.9742  281.5443  282.4101  283.5343  284.9022  286.4738  288.2314  290.1212  292.0112  294.0048  296.0939  298.2486  300.4888  302.7558  305.0334  307.2877  309.4818  311.4161  313.1963  314.8906  316.4580  317.9045  319.2184  320.3892  321.4025  322.2579  322.9338  323.4182  323.7143  323.7741
     0.9360    0.4053  280.9131  281.3327  281.9676  282.7990  283.8146  284.9872  286.2945  287.7197  289.2534  290.8079  292.3759  293.9958  295.6574  297.3500  299.0576  300.7605  302.4503  304.0969  305.6950  307.2268  308.6833  310.0200  311.1731  312.2237  313.1759  314.0180  314.7431  315.3367  315.7933  316.1017
     1.1700    0.4053  280.9980  281.6174  282.5529  283.7588  285.2127  286.8752  288.7114  290.6573  292.6100  294.6468  296.7450  298.8760  301.0224  303.1756  305.3062  307.4117  309.4429  311.2325  312.8948  314.4668  315.9490  317.3323  318.5922  319.7237  320.7058  321.5360  322.1917  322.6747  322.9661  323.0453
     1.4040    0.4053  280.9263  281.3732  282.0502  282.9261  283.9799  285.2021  286.5538  288.0189  289.5662  291.0947  292.6354  294.2063  295.8007  297.4010  299.0015  300.5777  302.1243  303.6206  305.0619  306.4399  307.7451  308.9599  310.0485  310.9726  311.7759  312.4740  313.0586  313.5253  313.8593  314.0500
    -1.2870    0.2026  280.9690  281.5149  282.3375  283.4111  284.7084  286.2027  287.8625  289.6492  291.4350  293.2740  295.1768  297.1167  299.0738  301.0404  303.0064  304.9583  306.8609  308.6974  310.3994  311.8918  313.3012  314.6154  315.8305  316.9252  317.8983  318.7364  319.4260  319.9530  320.3141  320.4905
    -1.0530    0.2026  281.0380  281.7458  282.8188  284.2087  285.8900  287.8183  289.9445  292.0933  294.3646  296.7526  299.2103  301.7274  304.2740  306.8199  309.3409  311.6215  313.7835  315.8658  317.8592  319.7398  321.4911  323.0982  324.5552  325.8432  326.9464  327.8580  328.5685  329.0623  329.3254  329.3133
    -0.8190    0.2026  281.0168  281.6825  282.6841  283.9893  285.5627  287.3743  289.3891  291.4539  293.6204  295.9211  298.3102  300.7751  303.3014  305.8531  308.4016  310.8031  312.9953  315.0991  317.1057  318.9861  320.7344  322.3378  323.7836  325.0614  326.1617  327.0692  327.7755  328.2668  328.5356  328.5287
    -0.5850    0.2026  280.8857  281.2479  281.8006  282.5263  283.4155  284.4539  285.6265  286.9241  288.3341  289.8403  291.3420  292.9270  294.5881  296.3057  298.0553  299.8170  301.5595  303.2466  304.8693  306.4097  307.8593  309.2039  310.3835  311.3964  312.3117  313.1194  313.8110  314.3740  314.8045  315.0959
    -0.3510    0.2026  280.9235  281.3690  282.0388  282.9111  283.9863  285.2382  286.6562  288.2290  289.9438  291.6773  293.5396  295.5374  297.6475  299.8437  302.0742  304.3049  306.4767  308.5273  310.3838  311.9521  313.3710  314.6530  315.7992  316.7896  317.6425  318.3510  318.9084  319.3062  319.5375  319.5753
    -0.1170    0.2026  280.8478  281.1128  281.5189  282.0561  282.7177  283.4929  284.3773  285.3791  286.4900  287.7148  289.0641  290.4874  291.9383  293.4755  295.0592  296.6582  298.2262  299.7313  301.1559  302.4819  303.7071  304.8226  305.8451  306.7607  307.5843  308.2976  308.9066  309.3990  309.7695  309.9980
     0.1170    0.2026  280.8478  281.1129  281.5190  282.0564  282.7181  283.4935  284.3781  285.3803  286.4917  287.7171  289.0672  290.4911  291.9427  293.4809  295.0656  296.6657  298.2350  299.7415  301.1676  302.4953  303.7219  304.8386  305.8619  306.7779  307.6015  308.3142  308.9222  309.4135  309.7818  310.0093
     0.3510    0.2026  280.9235  281.3690  282.0387  282.9109  283.9860  285.2378  286.6557  288.2284  289.9430  291.6762  293.5381  295.5355  297.6448  299.8402  302.0699  304.2997  306.4706  308.5204  310.3769  311.9451  313.3639  314.6459  315.7921  316.7827  317.6357  318.3445  318.9023  319.3006  319.5324  319.5706
     0.5850    0.2026  280.8857  281.2479  281.8006  282.5264  283.4158  284.4546  285.6277  286.9261  288.3369  289.8439  291.3458  292.9312  294.5926  296.3106  298.0609  299.8235  301.5671  303.2555  304.8795  306.4214  307.8721  309.2178  310.3975  311.4116  312.3287  313.1378  313.8306  314.3942  314.8248  315.1158
     0.8190    0.2026  281.0169  281.6826  282.6846  283.9902  285.5641  287.3763  289.3920  291.4574  293.6251  295.9273  298.3185  300.7860  303.3153  305.8704  308.4221  310.8243  313.0193  315.1262  317.1360  319.0197  320.7708  322.3759  323.8226  325.0992  326.1974  327.1022  327.8060  328.2940  328.5591  328.5495
     1.0530    0.2026  281.0380  281.7458  282.8188  284.2086  285.8897  287.8178  289.9438  292.0925  294.3633  296.7510  299.2081  301.7247  304.2708  306.8163  309.3370  311.6177  313.7789  315.8602  317.8524  319.7321  321.4829  323.0894  324.5465  325.8346  326.9381  327.8503  328.5615  329.0560  329.3197  329.3082
     1.2870    0.2026  280.9690  281.5150  282.3376  283.4112  284.7083  286.2023  287.8617  289.6478  291.4330  293.2714  295.1735  297.1127  299.0691  301.0350  303.0002  304.9514  306.8534  308.6892  310.3910  311.8830  313.2919  314.6054  315.8195  316.9127  317.8840  318.7201  319.4079  319.9331  320.2930  320.4688
    -1.4040    0.0000  280.9547  281.4817  282.2731  283.3078  284.5490  285.9696  287.5800  289.3075  291.0502  292.8184  294.6436  296.5155  298.3935  300.2585  302.1331  304.0018  305.8287  307.6129  309.3144  310.8096  312.1623  313.4291  314.5972  315.6388  316.5576  317.3495  318.0026  318.5068  318.8544  319.0269
    -1.1700    0.0000  281.0158  281.6744  282.6788  283.9848  285.5499  287.3614  289.3549  291.4117  293.5180  295.7495  298.0348  300.3716  302.7275  305.0844  307.4402  309.7346  311.7699  313.7156  315.5855  317.3522  319.0013  320.5285  321.9068  323.1415  324.2186  325.1118  325.8263  326.3454  326.6552  326.7202
    -0.9360    0.0000  280.9254  281.3762  282.0663  282.9688  284.0597  285.3350  286.7675  288.3274  289.9882  291.6261  293.3534  295.1475  297.0046  298.8848  300.7874  302.6843  304.5642  306.4017  308.1844  309.8791  311.3407  312.6854  313.9548  315.1160  316.1751  317.1216  317.9346  318.5961  319.1010  319.4496
    -0.7020    0.0000  280.9781  281.5577  282.4340  283.5719  284.9675  286.5681  288.3530  290.2846  292.2253  294.3046  296.5015  298.8003  301.1627  303.5715  305.9969  308.3940  310.6537  312.6476  314.5435  316.3254  317.9929  319.5100  320.8790  322.0946  323.1584  324.0449  324.7444  325.2436  325.5310  325.5852
    -0.4680    0.0000  280.9482  281.4363  282.1783  283.1446  284.3202  285.6941  287.2553  288.9810  290.8003  292.6700  294.6748  296.8271  299.0907  301.4096  303.7756  306.1309  308.4338  310.5305  312.3397  314.0014  315.5266  316.9037  318.1266  319.2055  320.1348  320.8999  321.4938  321.9203  322.1617  322.1899
    -0.2340    0.0000  280.8478  281.1128  281.5187  282.0556  282.7169  283.4917  284.3755  285.3767  286.4867  287.7104  289.0586  290.4811  291.9305  293.4662  295.0482  296.6452  298.2109  299.7133  301.1349  302.4581  303.6810  304.7947  305.8157  306.7306  307.5540  308.2680  308.8782  309.3727  309.7468  309.9772
     0.0000    0.0000  280.8841  281.2317  281.7530  282.4374  283.2545  284.2248  285.3485  286.5581  287.9320  289.4688  291.0828  292.7906  294.6179  296.5788  298.5971  300.6104  302.5340  304.3521  305.9943  307.5145  308.8845  310.0266  310.9778  311.7632  312.4415  312.9812  313.3951  313.6831  313.8441  313.8551
     0.2340    0.0000  280.8478  281.1128  281.5189  282.0560  282.7176  283.4927  284.3769  285.3786  286.4893  287.7139  289.0631  290.4864  291.9373  293.4743  295.0580  296.6567  298.2244  299.7291  301.1531  302.4784  303.7029  304.8180  305.8402  306.7555  307.5790  308.2920  308.9008  309.3930  309.7637  309.9922
     0.4680    0.0000  280.9482  281.4364  282.1785  283.1449  284.3208  285.6951  287.2568  288.9831  290.8031  292.6737  294.6794  296.8327  299.0973  301.4175  303.7849  306.1421  308.4471  310.5450  312.3558  314.0196  315.5469  316.9253  318.1491  319.2284  320.1574  320.9220  321.5151  321.9409  322.1815  322.2090
     0.7020    0.0000  280.9782  281.5578  282.4340  283.5719  284.9677  286.5685  288.3536  290.2856  292.2267  294.3066  296.5040  298.8035  301.1663  303.5758  306.0019  308.3996  310.6592  312.6538  314.5501  316.3325  318.0002  319.5175  320.8870  322.1012  323.1642  324.0507  324.7511  325.2515  325.5401  325.5957
     0.9360    0.0000  280.9254  281.3762  282.0663  282.9690  284.0600  285.3357  286.7686  288.3290  289.9904  291.6290  293.3573  295.1522  297.0103  298.8914  300.7947  302.6920  304.5723  306.4102  308.1935  309.8882  311.3503  312.6957  313.9660  315.1284  316.1887  317.1365  317.9507  318.6129  319.1181  319.4664
     1.1700    0.0000  281.0158  281.6744  282.6787  283.9846  285.5496  287.3610  289.3543  291.4111  293.5172  295.7486  298.0336  300.3701  302.7258  305.0823  307.4376  309.7315  311.7667  313.7118  315.5810  317.3469  318.9953  320.5222  321.9004  323.1352  324.2126  325.1064  325.8215  326.3413  326.6517  326.7172
     1.4040    0.0000  280.9547  281.4817  282.2731  283.3076  284.5488  285.9695  287.5798  289.3074  291.0500  292.8181  294.6432  296.5150  298.3926  300.2573  302.1315  303.9996  305.8258  307.6093  309.3100  310.8052  312.1573  313.4239  314.5919  315.6337  316.5531  317.3456  317.9996  318.5047  318.8531  319.0261
    -1.2870   -0.2026  280.9690  281.5150  282.3377  283.4114  284.7087  286.2031  287.8629  289.6496  291.4354  293.2745  295.1775  297.1178  299.0756  301.0431  303.0102  304.9636  306.8680  308.7063  310.4090  311.9022  313.3125  314.6271  315.8420  316.9356  317.9071  318.7432  319.4307  319.9562  320.3159  320.4914
    -1.0530   -0.2026  281.0380  281.7458  282.8188  284.2087  285.8899  287.8181  289.9442  292.0929  294.3641  296.7520  299.2097  301.7270  304.2738  306.8199  309.3410  311.6217  313.7840  315.8662  317.8593  319.7400  321.4918  323.0992  324.5569  325.8456  326.9495  327.8618  328.5727  329.0667  329.3297  329.3175
    -0.8190   -0.2026  281.0169  281.6826  282.6843  283.9897  285.5632  287.3750  289.3902  291.4552  293.6222  295.9234  298.3133  300.7793  303.3069  305.8604  308.4107  310.8130  313.0072  315.1129  317.1211  319.0029  320.7523  322.3563  323.8025  325.0799  326.1794  327.0854  327.7903  328.2799  328.5471  328.5400
    -0.5850   -0.2026  280.8857  281.2480  281.8010  282.5272  283.4172  284.4567  285.6306  286.9300  288.3422  289.8510  291.3546  292.9425  294.6070  296.3282  298.0820  299.8482  301.5956  303.2877  304.9152  306.4603  307.9140  309.2613  310.4384  311.4499  312.3650  313.1709  313.8599  314.4190  314.8456  315.1332
    -0.3510   -0.2026  280.9235  281.3690  282.0387  282.9109  283.9859  285.2374  286.6550  288.2272  289.9414  291.6743  293.5357  295.5327  297.6417  299.8368  302.0660  304.2955  306.4660  308.5153  310.3716  311.9395  313.3577  314.6389  315.7841  316.7737  317.6255  318.3334  318.8902  319.2879  319.5191  319.5568
    -0.1170   -0.2026  280.8478  281.1128  281.5188  282.0557  282.7170  283.4916  284.3753  285.3761  286.4858  287.7091  289.0569  290.4790  291.9279  293.4630  295.0446  296.6414  298.2072  299.7101  301.1326  302.4564  303.6788  304.7911  305.8104  306.7234  307.5453  308.2577  308.8666  309.3602  309.7350  309.9655
     0.1170   -0.2026  280.8478  281.1128  281.5189  282.0559  282.7173  283.4921  284.3758  285.3768  286.4866  287.7102  289.0583  290.4809  291.9307  293.4668  295.0496  296.6473  298.2139  299.7174  301.1401  302.4643  303.6877  304.8014  305.8222  306.7363  307.5586  308.2708  308.8790  309.3712  309.7435  309.9721
     0.3510   -0.2026  280.9235  281.3690  282.0386  282.9107  283.9857  285.2372  286.6550  288.2273  289.9417  291.6746  293.5359  295.5326  297.6410  299.8354  302.0643  304.2934  306.4637  308.5128  310.3692  311.9370  313.3552  314.6363  315.7813  316.7706  317.6224  318.3303  318.8875  319.2857  319.5175  319.5559
     0.5850   -0.2026  280.8857  281.2480  281.8010  282.5273  283.4172  284.4567  285.6305  286.9299  288.3419  289.8506  291.3539  292.9416  294.6057  296.3268  298.0806  299.8470  301.5946  303.2867  304.9141  306.4588  307.9118  309.2589  310.4357  311.4469  312.3617  313.1677  313.8571  314.4170  314.8448  315.1337
     0.8190   -0.2026  281.0169  281.6826  282.6846  283.9901  285.5638  287.3759  289.3911  291.4563  293.6236  295.9253  298.3159  300.7828  303.3115  305.8662  308.4179  310.8206  313.0161  315.1231  317.1328  319.0160  320.7667  322.3715  323.8180  325.0951  326.1936  327.0983  327.8009  328.2878  328.5524  328.5430
     1.0530   -0.2026  281.0380  281.7458  282.8188  284.2086  285.8899  287.8182  289.9445  292.0933  294.3647  296.7528  299.2102  301.7271  304.2732  306.8188  309.3394  311.6196  313.7809  315.8629  317.8562  319.7370  321.4883  323.0945  324.5505  325.8385  326.9423  327.8551  328.5670  329.0624  329.3269  329.3160
     1.2870   -0.2026  280.9690  281.5150  282.3376  283.4112  284.7082  286.2022  287.8617  289.6478  291.4331  293.2713  295.1735  297.1126  299.0691  301.0354  303.0014  304.9541  306.8576  308.6951  310.3973  311.8887  313.2966  314.6092  315.8226  316.9153  317.8862  318.7220  319.4097  319.9352  320.2953  320.4714
    -1.4040   -0.4053  280.9263  281.3732  282.0502  282.9261  283.9799  285.2023  286.5541  288.0194  289.5670  291.0957  292.6366  294.2078  295.8024  297.4029  299.0035  300.5798  302.1266  303.6229  305.0642  306.4423  307.7476  308.9628  310.0517  310.9767  311.7812  312.4805  313.0662  313.5338  313.8686  314.0597
    -1.1700   -0.4053  280.9980  281.6174  282.5528  283.7585  285.2124  286.8750  288.7115  290.6578  292.6109  294.6480  296.7465  298.8777  301.0242  303.1776  305.3085  307.4146  309.4464  311.2364  312.8989  314.4714  315.9532  317.3369  318.5975  319.7306  320.7150  321.5482  322.2072  322.6938  322.9878  323.0685
    -0.9360   -0.4053  280.9131  281.3328  281.9677  282.7993  283.8151  284.9882  286.2962  287.7223  289.2572  290.8125  292.3817  294.0030  295.6661  297.3605  299.0702  300.7761  302.4694  304.1196  305.7207  307.2548  308.7121  310.0470  311.1992  312.2498  313.2022  314.0446  314.7703  315.3642  315.8210  316.1296
    -0.7020   -0.4053  280.9742  281.5443  282.4101  283.5343  284.9023  286.4738  288.2314  290.1212  292.0111  294.0046  296.0936  298.2480  300.4879  302.7547  305.0321  307.2861  309.4802  311.4149  313.1954  314.8900  316.4578  317.9047  319.2190  320.3904  321.4041  322.2602  322.9368  323.4218  323.7180  323.7775
    -0.4680   -0.4053  280.8857  281.2479  281.8006  282.5263  283.4155  284.4539  285.6264  286.9240  288.3340  289.8404  291.3423  292.9275  294.5888  296.3066  298.0564  299.8182  301.5607  303.2476  304.8703  306.4110  307.8608  309.2058  310.3855  311.3987  312.3144  313.1222  313.8137  314.3763  314.8064  315.0973
    -0.2340   -0.4053  280.9483  281.4364  282.1787  283.1453  284.3212  285.6952  287.2564  288.9820  290.8013  292.6712  294.6768  296.8302  299.0959  301.4169  303.7849  306.1420  308.4464  310.5425  312.3513  314.0134  315.5392  316.9171  318.1400  319.2191  320.1472  320.9108  321.5021  321.9253  322.1634  322.1886
     0.0000   -0.4053  280.9235  281.3690  282.0387  282.9110  283.9861  285.2379  286.6559  288.2286  289.9433  291.6767  293.5388  295.5363  297.6460  299.8418  302.0719  304.3025  306.4741  308.5244  310.3810  311.9492  313.3684  314.6507  315.7971  316.7877  317.6402  318.3484  318.9054  319.3025  319.5330  319.5701
     0.2340   -0.4053  280.9483  281.4365  282.1787  283.1451  284.3207  285.6943  287.2549  288.9798  290.7985  292.6677  294.6722  296.8247  299.0888  301.4086  303.7755  306.1319  308.4360  310.5335  312.3439  314.0065  315.5325  316.9094  318.1315  319.2088  320.1356  320.8978  321.4883  321.9109  322.1486  322.1740
     0.4680   -0.4053  280.8857  281.2479  281.8006  282.5263  283.4157  284.4543  285.6273  286.9254  288.3359  289.8429  291.3449  292.9302  294.5917  296.3098  298.0602  299.8228  301.5662  303.2542  304.8777  306.4192  307.8695  309.2145  310.3930  311.4060  312.3218  313.1300  313.8222  314.3857  314.8165  315.1079
     0.7020   -0.4053  280.9742  281.5443  282.4100  283.5342  284.9023  286.4742  288.2325  290.1230  292.0138  294.0082  296.0980  298.2531  300.4935  302.7605  305.0382  307.2924  309.4868  311.4206  313.2011  314.8960  316.4644  317.9122  319.2272  320.3993  321.4140  322.2712  322.9491  323.4354  323.7329  323.7931
     0.9360   -0.4053  280.9131  281.3328  281.9678  282.7996  283.8156  284.9889  286.2970  287.7234  289.2586  290.8143  292.3840  294.0060  295.6699  297.3653  299.0760  300.7832  302.4778  304.1289  305.7310  307.2662  308.7243  310.0588  311.2106  312.2609  313.2127  314.0542  314.7785  315.3708  315.8262  316.1335
     1.1700   -0.4053  280.9980  281.6174  282.5528  283.7585  285.2126  286.8753  288.7120  290.6584  292.6117  294.6491  296.7479  298.8794  301.0263  303.1800  305.3108  307.4167  309.4476  311.2366  312.8985  314.4707  315.9526  317.3367  318.5986  319.7335  320.7196  321.5534  322.2123  322.6978  322.9908  323.0709
     1.4040   -0.4053  280.9263  281.3732  282.0503  282.9262  283.9799  285.2020  286.5535  288.0183  289.5653  291.0936  292.6341  294.2049  295.7992  297.3994  299.0000  300.5764  302.1233  303.6199  305.0613  306.4394  307.7443  308.9587  310.0467  310.9701  311.7724  312.4694  313.0527  313.5182  313.8512  314.0410
    -1.2870   -0.6079  280.9769  281.5368  282.3916  283.5092  284.8521  286.3824  288.0634  289.8906  291.6843  293.5345  295.4395  297.3833  299.3356  301.2835  303.2187  305.1093  306.9583  308.7282  310.3550  311.7835  313.1195  314.3707  315.5266  316.5656  317.4765  318.2526  318.8828  319.3658  319.6812  319.8100
    -1.0530   -0.6079  280.9914  281.5963  282.5045  283.6950  285.1364  286.7777  288.5984  290.5226  292.4410  294.4402  296.5047  298.6044  300.7174  302.8364  304.9354  307.0008  309.0049  310.8122  312.4302  313.9809  315.4278  316.7825  318.0229  319.1443  320.1075  320.9240  321.5700  322.0458  322.3332  322.4038
    -0.8190   -0.6079  280.9131  281.3327  281.9676  282.7991  283.8149  284.9879  286.2957  287.7217  289.2564  290.8115  292.3802  294.0009  295.6634  297.3571  299.0659  300.7708  302.4628  304.1117  305.7118  307.2451  308.7018  310.0372  311.1896  312.2403  313.1933  314.0366  314.7634  315.3586  315.8167  316.1263
    -0.5850   -0.6079  281.0169  281.6826  282.6844  283.9899  285.5636  287.3755  289.3907  291.4556  293.6226  295.9240  298.3144  300.7809  303.3093  305.8635  308.4147  310.8173  313.0121  315.1184  317.1274  319.0100  320.7599  322.3643  323.8106  325.0882  326.1870  327.0920  327.7955  328.2839  328.5494  328.5401
    -0.3510   -0.6079  280.9781  281.5576  282.4336  283.5712  284.9665  286.5668  288.3514  290.2827  292.2231  294.3018  296.4977  298.7953  301.1559  303.5631  305.9865  308.3817  310.6412  312.6335  314.5276  316.3075  317.9731  319.4891  320.8577  322.0718  323.1355  324.0237  324.7267  325.2301  325.5220  325.5797
    -0.1170   -0.6079  280.8857  281.2480  281.8010  282.5272  283.4171  284.4563  285.6299  286.9290  288.3409  289.8495  291.3531  292.9409  294.6054  296.3268  298.0806  299.8469  301.5940  303.2856  304.9128  306.4575  307.9106  309.2575  310.4346  311.4459  312.3607  313.1663  313.8554  314.4149  314.8419  315.1301
     0.1170   -0.6079  280.8857  281.2479  281.8006  282.5264  283.4157  284.4544  285.6274  286.9256  288.3362  289.8432  291.3454  292.9311  294.5929  296.3114  298.0623  299.8257  301.5702  303.2594  304.8840  306.4263  307.8774  309.2234  310.4027  311.4164  312.3330  313.1414  313.8333  314.3960  314.8258  315.1160
     0.3510   -0.6079  280.9781  281.5578  282.4341  283.5720  284.9678  286.5685  288.3536  290.2854  292.2264  294.3061  296.5037  298.8032  301.1663  303.5760  306.0021  308.3997  310.6590  312.6530  314.5491  316.3313  317.9993  319.5170  320.8866  322.1016  323.1650  324.0517  324.7518  325.2514  325.5390  325.5934
     0.5850   -0.6079  281.0168  281.6825  282.6842  283.9894  285.5629  287.3747  289.3899  291.4548  293.6217  295.9228  298.3125  300.7781  303.3051  305.8576  308.4069  310.8086  313.0014  315.1059  317.1133  318.9944  320.7433  322.3471  323.7932  325.0712  326.1717  327.0793  327.7860  328.2772  328.5457  328.5386
     0.8190   -0.6079  280.9131  281.3328  281.9680  282.7997  283.8158  284.9889  286.2969  287.7231  289.2581  290.8137  292.3834  294.0055  295.6697  297.3654  299.0763  300.7834  302.4778  304.1288  305.7309  307.2659  308.7239  310.0578  311.2094  312.2592  313.2098  314.0495  314.7718  315.3619  315.8156  316.1219
     1.0530   -0.6079  280.9914  281.5962  282.5042  283.6943  285.1355  286.7766  288.5973  290.5214  292.4395  294.4384  296.5023  298.6010  300.7128  302.8304  304.9279  306.9915  308.9936  310.8006  312.4168  313.9662  315.4121  316.7663  318.0070  319.1298  320.0948  320.9141  321.5636  322.0431  322.3337  322.4066
     1.2870   -0.6079  280.9770  281.5368  282.3915  283.5090  284.8517  286.3819  288.0629  289.8900  291.6834  293.5334  295.4379  297.3811  299.3326  301.2795  303.2136  305.1029  306.9505  308.7191  310.3455  311.7736  313.1089  314.3596  315.5152  316.5543  317.4655  318.2423  318.8735  319.3575  319.6740  319.8038
    -1.1700   -0.8106  280.9769  281.5368  282.3917  283.5094  284.8523  286.3826  288.0637  289.8909  291.6846  293.5349  295.4400  297.3840  299.3365  301.2848  303.2202  305.1111  306.9605  308.7308  310.3578  311.7866  313.1230  314.3744  315.5303  316.5691  317.4795  318.2550  318.8845  319.3667  319.6814  319.8097
    -0.9360   -0.8106  280.9980  281.6174  282.5529  283.7586  285.2128  286.8757  288.7126  290.6593  292.6130  294.6508  296.7499  298.8817  301.0287  303.1827  305.3140  307.4206  309.4526  311.2428  312.9063  314.4799  315.9625  317.3469  318.6082  319.7416  320.7263  321.5597  322.2187  322.7051  322.9993  323.0806
    -0.7020   -0.8106  281.0380  281.7457  282.8187  284.2084  285.8895  287.8177  289.9438  292.0925  294.3634  296.7510  299.2082  301.7246  304.2704  306.8154  309.3354  311.6159  313.7771  315.8585  317.8509  319.7307  321.4815  323.0882  324.5455  325.8345  326.9392  327.8529  328.5658  329.0620  329.3274  329.3170
    -0.4680   -0.8106  280.9254  281.3762  282.0663  282.9690  284.0599  285.3353  286.7678  288.3276  289.9887  291.6269  293.3550  295.1500  297.0084  298.8899  300.7939  302.6922  304.5735  306.4124  308.1964  309.8910  311.3530  312.6981  313.9675  315.1283  316.1864  317.1317  317.9431  318.6028  319.1063  319.4538
    -0.2340   -0.8106  281.0169  281.6826  282.6845  283.9901  285.5638  287.3758  289.3910  291.4559  293.6230  295.9245  298.3151  300.7819  303.3106  305.8651  308.4165  310.8190  313.0139  315.1205  317.1300  319.0132  320.7640  322.3693  323.8163  325.0940  326.1930  327.0980  327.8010  328.2880  328.5523  328.5416
     0.0000   -0.8106  280.9742  281.5443  282.4100  283.5341  284.9020  286.4736  288.2314  290.1215  292.0117  294.0056  296.0948  298.2495  300.4897  302.7567  305.0344  307.2889  309.4834  311.4177  313.1980  314.8925  316.4603  317.9073  319.2219  320.3936  321.4079  322.2648  322.9424  323.4285  323.7260  323.7868
     0.2340   -0.8106  281.0169  281.6825  282.6842  283.9895  285.5630  287.3750  289.3903  291.4554  293.6225  295.9238  298.3137  300.7795  303.3067  305.8594  308.4091  310.8109  313.0042  315.1092  317.1171  318.9986  320.7478  322.3517  323.7980  325.0761  326.1767  327.0844  327.7911  328.2824  328.5509  328.5440
     0.4680   -0.8106  280.9254  281.3762  282.0664  282.9692  284.0603  285.3359  286.7688  288.3291  289.9905  291.6292  293.3578  295.1532  297.0120  298.8938  300.7981  302.6966  304.5781  306.4171  308.2013  309.8958  311.3576  312.7029  313.9726  315.1336  316.1918  317.1371  317.9486  318.6085  319.1123  319.4601
     0.7020   -0.8106  281.0380  281.7457  282.8188  284.2085  285.8898  287.8182  289.9445  292.0935  294.3650  296.7532  299.2110  301.7280  304.2743  306.8197  309.3400  311.6200  313.7813  315.8631  317.8562  319.7371  321.4893  323.0975  324.5559  325.8458  326.9510  327.8651  328.5779  329.0738  329.3382  329.3264
     0.9360   -0.8106  280.9980  281.6174  282.5528  283.7585  285.2126  286.8753  288.7120  290.6585  292.6119  294.6493  296.7480  298.8792  301.0257  303.1790  305.3094  307.4149  309.4457  311.2350  312.8973  314.4696  315.9514  317.3349  318.5955  319.7284  320.7127  321.5461  322.2054  322.6925  322.9874  323.0691
     1.1700   -0.8106  280.9769  281.5368  282.3917  283.5094  284.8522  286.3825  288.0634  289.8904  291.6839  293.5340  295.4389  297.3826  299.3348  301.2828  303.2181  305.1088  306.9580  308.7282  310.3552  311.7838  313.1198  314.3705  315.5257  316.5636  317.4731  318.2478  318.8766  319.3586  319.6733  319.8015
    -1.0530   -1.0132  280.9263  281.3732  282.0502  282.9261  283.9798  285.2018  286.5533  288.0180  289.5649  291.0932  292.6336  294.2041  295.7982  297.3982  298.9985  300.5746  302.1212  303.6175  305.0587  306.4366  307.7414  308.9557  310.0440  310.9678  311.7707  312.4684  313.0525  313.5188  313.8526  314.0432
    -0.8190   -1.0132  280.9690  281.5149  282.3375  283.4111  284.7083  286.2026  287.8624  289.6491  291.4349  293.2738  295.1765  297.1163  299.0733  301.0399  303.0061  304.9586  306.8620  308.6994  310.4018  311.8943  313.3036  314.6175  315.8322  316.9262  317.8986  318.7361  319.4252  319.9522  320.3135  320.4904
    -0.5850   -1.0132  281.0158  281.6744  282.6788  283.9848  285.5500  287.3616  289.3553  291.4124  293.5190  295.7509  298.0366  300.3737  302.7299  305.0871  307.4431  309.7375  311.7724  313.7180  315.5880  317.3552  319.0049  320.5329  321.9121  323.1479  324.2260  325.1203  325.8357  326.3556  326.6659  326.7312
    -0.3510   -1.0132  281.0380  281.7457  282.8186  284.2082  285.8892  287.8172  289.9431  292.0916  294.3622  296.7493  299.2058  301.7215  304.2663  306.8099  309.3284  311.6078  313.7672  315.8471  317.8387  319.7182  321.4693  323.0766  324.5352  325.8250  326.9304  327.8452  328.5590  329.0555  329.3206  329.3095
    -0.1170   -1.0132  280.9131  281.3327  281.9676  282.7990  283.8146  284.9874  286.2950  287.7206  289.2548  290.8096  292.3778  293.9981  295.6601  297.3534  299.0619  300.7664  302.4582  304.1068  305.7065  307.2394  308.6960  310.0317  311.1843  312.2349  313.1874  314.0305  314.7569  315.3518  315.8095  316.1188
     0.1170   -1.0132  280.9131  281.3328  281.9680  282.7997  283.8157  284.9887  286.2965  287.7225  289.2574  290.8128  292.3824  294.0044  295.6685  297.3643  299.0754  300.7830  302.4781  304.1298  305.7323  307.2673  308.7251  310.0585  311.2095  312.2589  313.2095  314.0493  314.7719  315.3629  315.8171  316.1238
     0.3510   -1.0132  281.0380  281.7458  282.8188  284.2087  285.8900  287.8186  289.9451  292.0942  294.3661  296.7547  299.2131  301.7310  304.2783  306.8247  309.3460  311.6260  313.7881  315.8705  317.8641  319.7450  321.4971  323.1052  324.5637  325.8536  326.9590  327.8727  328.5852  329.0804  329.3443  329.3322
     0.5850   -1.0132  281.0158  281.6744  282.6788  283.9848  285.5499  287.3615  289.3549  291.4118  293.5183  295.7500  298.0356  300.3727  302.7290  305.0862  307.4420  309.7361  311.7709  313.7163  315.5865  317.3539  319.0041  320.5326  321.9119  323.1475  324.2254  325.1192  325.8342  326.3536  326.6635  326.7284
     0.8190   -1.0132  280.9690  281.5149  282.3375  283.4109  284.7081  286.2023  287.8619  289.6483  291.4339  293.2724  295.1746  297.1137  299.0698  301.0354  303.0002  304.9508  306.8522  308.6876  310.3896  311.8818  313.2907  314.6046  315.8202  316.9160  317.8903  318.7293  319.4198  319.9473  320.3088  320.4854
     1.0530   -1.0132  280.9263  281.3732  282.0502  282.9261  283.9798  285.2019  286.5533  288.0181  289.5651  291.0934  292.6337  294.2043  295.7984  297.3985  298.9988  300.5749  302.1216  303.6178  305.0590  306.4367  307.7416  308.9557  310.0440  310.9677  311.7705  312.4681  313.0522  313.5184  313.8521  314.0427
    -0.7020   -1.2159  280.9547  281.4817  282.2732  283.3078  284.5490  285.9695  287.5797  289.3071  291.0496  292.8176  294.6426  296.5145  298.3924  300.2574  302.1319  304.0007  305.8277  307.6118  309.3133  310.8083  312.1607  313.4272  314.5950  315.6362  316.5547  317.3461  317.9988  318.5027  318.8501  319.0225
    -0.4680   -1.2159  280.9690  281.5149  282.3375  283.4111  284.7083  286.2026  287.8624  289.6490  291.4348  293.2737  295.1764  297.1161  299.0730  301.0396  303.0057  304.9579  306.8612  308.6984  310.4007  311.8932  313.3025  314.6163  315.8308  316.9247  317.8970  318.7344  319.4235  319.9503  320.3115  320.4883
    -0.2340   -1.2159  280.9980  281.6174  282.5529  283.7588  285.2129  286.8755  288.7120  290.6581  292.6112  294.6484  296.7473  298.8790  301.0263  303.1803  305.3116  307.4176  309.4488  311.2379  312.9001  314.4724  315.9556  317.3412  318.6034  319.7365  320.7201  321.5520  322.2094  322.6943  322.9871  323.0673
     0.0000   -1.2159  280.9914  281.5963  282.5045  283.6949  285.1364  286.7778  288.5986  290.5228  292.4414  294.4408  296.5056  298.6054  300.7188  302.8380  304.9373  307.0028  309.0070  310.8140  312.4320  313.9827  315.4297  316.7847  318.0256  319.1477  320.1115  320.9289  321.5757  322.0523  322.3401  322.4106
     0.2340   -1.2159  280.9980  281.6174  282.5527  283.7584  285.2123  286.8750  288.7116  290.6581  292.6115  294.6487  296.7472  298.8781  301.0242  303.1771  305.3073  307.4125  309.4431  311.2325  312.8945  314.4666  315.9484  317.3322  318.5934  319.7271  320.7126  321.5469  322.2071  322.6948  322.9902  323.0722
     0.4680   -1.2159  280.9690  281.5150  282.3377  283.4113  284.7085  286.2026  287.8620  289.6482  291.4336  293.2721  295.1745  297.1141  299.0710  301.0377  303.0038  304.9561  306.8595  308.6970  310.3997  311.8925  313.3022  314.6162  315.8305  316.9236  317.8944  318.7298  319.4165  319.9409  320.2998  320.4750
     0.7020   -1.2159  280.9547  281.4817  282.2731  283.3078  284.5490  285.9697  287.5800  289.3076  291.0503  292.8186  294.6438  296.5158  298.3938  300.2589  302.1335  304.0021  305.8289  307.6129  309.3144  310.8097  312.1625  313.4295  314.5979  315.6396  316.5587  317.3507  318.0039  318.5082  318.8558  319.0282
    -0.3510   -1.4185  280.9263  281.3732  282.0503  282.9262  283.9799  285.2020  286.5534  288.0182  289.5651  291.0934  292.6339  294.2046  295.7989  297.3991  298.9997  300.5759  302.1227  303.6191  305.0604  306.4385  307.7436  308.9580  310.0462  310.9698  311.7723  312.4695  313.0529  313.5183  313.8512  314.0412
    -0.1170   -1.4185  280.9769  281.5368  282.3915  283.5091  284.8518  286.3822  288.0633  289.8906  291.6842  293.5345  295.4393  297.3828  299.3347  301.2821  303.2166  305.1064  306.9546  308.7239  310.3507  311.7792  313.1151  314.3662  315.5221  316.5614  317.4728  318.2497  318.8809  319.3648  319.6813  319.8110
     0.1170   -1.4185  280.9770  281.5368  282.3916  283.5092  284.8519  286.3821  288.0630  289.8900  291.6833  293.5333  295.4378  297.3813  299.3330  301.2807  303.2154  305.1055  306.9539  308.7232  310.3498  311.7775  313.1127  314.3631  315.5183  316.5569  317.4675  318.2434  318.8736  319.3567  319.6724  319.8015
     0.3510   -1.4185  280.9263  281.3732  282.0503  282.9262  283.9798  285.2019  286.5532  288.0179  289.5648  291.0930  292.6333  294.2039  295.7981  297.3982  298.9987  300.5750  302.1219  303.6185  305.0600  306.4380  307.7428  308.9569  310.0448  310.9680  311.7703  312.4672  313.0504  313.5156  313.8485  314.0384
